# Elapsed time   CPU (%)     Real (MB)   Virtual (MB)
       0.002        0.000        3.094       55.852
       0.102        0.000        3.094       55.852
       0.203        0.000        3.094       55.852
       0.303        0.000        3.094       55.852
       0.404        0.000        3.094       55.852
       0.504        0.000        3.094       55.852
       0.605        0.000        3.094       55.852
       0.705        0.000        3.094       55.852
       0.805        0.000        3.094       55.852
       0.906        0.000        3.094       55.852
       1.006        0.000        3.094       55.852
       1.107        0.000        3.094       55.852
       1.208        0.000        3.094       55.852
       1.308        0.000        3.094       55.852
       1.409        0.000        3.094       55.852
       1.509        0.000        3.094       55.852
       1.610        0.000        3.094       55.852
       1.710        0.000        4.008       55.941
       1.811        0.000        4.008       55.941
       1.911        0.000        4.008       55.941
       2.012        0.000        4.008       55.941
       2.112        0.000        4.008       55.941
       2.213        0.000        4.008       55.941
       2.313        0.000        4.008       55.941
       2.414        0.000        4.008       55.941
       2.515        0.000        4.008       55.941
       2.615        0.000        4.008       56.012
       2.716        9.900        4.000       55.934
       2.816        0.000        4.000       55.934
       2.917        0.000        4.000       55.934
       3.017        0.000        4.000       55.934
       3.117        0.000        4.000       55.934
       3.218        0.000        4.000       55.934
       3.318        0.000        4.000       55.934
       3.419        0.000        4.000       55.934
       3.520        0.000        4.000       55.934
       3.620        9.900        4.000       56.305
       3.721        9.900        4.055       56.363
       3.821        0.000        4.055       56.363
       3.922        0.000        4.055       56.363
       4.022        0.000        4.055       56.363
       4.123        0.000        4.055       56.363
       4.223        9.900        4.055       56.363
       4.324        0.000        4.055       56.363
       4.424        0.000        4.055       56.363
       4.525        0.000        4.055       56.363
       4.625        0.000        4.055       56.508
       4.726       10.000        4.055       56.508
       4.826        0.000        4.055       56.508
       4.927        0.000        4.055       56.508
       5.027        0.000        4.055       56.508
       5.128        0.000        4.055       56.508
       5.228       10.000        4.055       56.508
       5.329        0.000        4.055       56.508
       5.429        0.000        4.055       56.508
       5.530        0.000        4.055       56.508
       5.631        9.900        4.055       56.508
       5.731        9.900        4.090       56.352
       5.832        0.000        4.090       56.352
       5.932        0.000        4.090       56.352
       6.033        0.000        4.090       56.352
       6.133        0.000        4.090       56.352
       6.234        9.900        4.090       56.352
       6.334        0.000        4.090       56.352
       6.435        0.000        4.090       56.352
       6.535        0.000        4.090       56.352
       6.636        0.000        4.090       56.352
       6.736       19.900        4.090       56.352
       6.837        0.000        4.090       56.352
       6.938        0.000        4.090       56.352
       7.038        0.000        4.090       56.352
       7.139        9.900        4.090       56.352
       7.239        9.900        4.090       56.352
       7.340        0.000        4.090       56.352
       7.440        0.000        4.090       56.352
       7.541        0.000        4.090       56.352
       7.641        9.900        4.070       56.266
       7.742        9.900        4.070       56.266
       7.842       10.000        4.070       56.266
       7.943        0.000        4.070       56.266
       8.043        0.000        4.070       56.266
       8.144        0.000        4.070       56.266
       8.245        9.900        3.953       56.137
       8.345        0.000        3.953       56.137
       8.446        0.000        3.953       56.137
       8.546        0.000        3.953       56.137
       8.647        9.900        4.082       56.383
       8.747       19.900        4.051       56.234
       8.848       10.000        4.051       56.234
       8.948        0.000        4.051       56.234
       9.048        0.000        4.051       56.234
       9.149        0.000        4.051       56.234
       9.249        9.900        4.051       56.234
       9.350       10.000        4.051       56.234
       9.450        0.000        4.051       56.234
       9.551        0.000        4.051       56.234
       9.651       10.000        4.043       55.977
       9.752       19.900        4.043       56.227
       9.852       10.000        4.043       56.227
       9.952        0.000        4.043       56.227
      10.053        0.000        4.043       56.227
      10.154        0.000        4.043       56.227
      10.254       19.900        4.043       56.227
      10.354        0.000        4.043       56.227
      10.455        0.000        4.043       56.227
      10.555        0.000        4.043       56.227
      10.656       19.900        4.043       56.227
      10.756        0.000        4.043       56.227
      10.857       10.000        4.043       56.227
      10.957        0.000        4.043       56.227
      11.058        0.000        4.043       56.227
      11.158        0.000        4.043       56.227
      11.259       19.900        4.043       56.227
      11.359        9.900        4.043       56.227
      11.460        0.000        4.043       56.227
      11.560        0.000        4.043       56.227
      11.661        0.000        4.043       56.227
      11.762       29.800        4.043       56.227
      11.862        0.000        4.043       56.227
      11.963        9.900        4.043       56.227
      12.063        0.000        4.043       56.227
      12.164        9.900        4.043       56.227
      12.264        0.000        4.043       56.227
      12.365       10.000        4.043       56.227
      12.465       10.000        4.043       56.227
      12.565        0.000        4.043       56.227
      12.666        9.900        4.047       56.230
      12.767        9.900        4.047       56.230
      12.867        9.900        4.047       56.230
      12.968        9.900        4.047       56.230
      13.068        0.000        4.047       56.230
      13.169        0.000        4.047       56.230
      13.269       19.900        4.047       56.230
      13.370        0.000        4.047       56.230
      13.470        0.000        4.047       56.230
      13.571        0.000        4.047       56.230
      13.671       19.900        4.047       56.320
      13.772        9.900        4.047       56.320
      13.872        9.900        4.047       56.320
      13.973        9.900        4.047       56.320
      14.073        0.000        4.047       56.320
      14.174        0.000        4.047       56.320
      14.274       19.900        4.047       56.320
      14.375       10.000        4.047       56.320
      14.475       10.000        4.047       56.320
      14.576        0.000        4.047       56.320
      14.676        9.900        4.051       55.984
      14.777       19.900        4.051       56.234
      14.877       10.000        4.051       56.234
      14.978        0.000        4.051       56.234
      15.078        0.000        4.051       56.234
      15.179       10.000        4.051       56.234
      15.279        9.900        4.051       56.234
      15.380       19.900        4.051       56.234
      15.480        0.000        4.051       56.234
      15.581        0.000        4.051       56.234
      15.681        9.900        4.090       56.383
      15.782       19.900        4.090       56.383
      15.882       20.000        4.090       56.383
      15.982        0.000        4.090       56.383
      16.083        0.000        4.090       56.383
      16.183        0.000        4.090       56.383
      16.284        9.900        4.090       56.383
      16.384       19.900        4.090       56.383
      16.485       10.000        4.090       56.383
      16.585        0.000        4.090       56.383
      16.686        9.900        4.039       55.973
      16.786       10.000        4.039       56.223
      16.887        9.900        4.039       56.223
      16.987       19.900        4.039       56.223
      17.088        0.000        4.039       56.223
      17.188        0.000        4.039       56.223
      17.289       29.800        4.039       56.223
      17.389        9.900        4.039       56.223
      17.490       10.000        4.039       56.223
      17.590        0.000        4.039       56.223
      17.691        9.900        4.070       56.254
      17.791       19.900        4.070       56.254
      17.892       10.000        4.070       56.254
      17.992       10.000        4.070       56.254
      18.093        0.000        4.070       56.254
      18.193        0.000        4.070       56.254
      18.294       19.900        4.070       56.254
      18.394       10.000        4.070       56.254
      18.495        9.900        4.070       56.254
      18.595        0.000        4.070       56.254
      18.696        9.900        4.070       56.371
      18.796       19.900        4.070       56.371
      18.897        9.900        4.070       56.371
      18.997        9.900        4.070       56.371
      19.098        9.900        4.070       56.371
      19.199        9.900        4.070       56.371
      19.299       10.000        4.070       56.371
      19.399       10.000        4.070       56.371
      19.500       19.900        4.070       56.371
      19.600       10.000        4.070       56.371
      19.701        0.000        4.035       56.219
      19.801       19.900        4.035       56.219
      19.902       19.900        4.035       56.219
      20.002        9.900        4.035       56.219
      20.103        0.000        4.035       56.219
      20.203        9.900        4.035       56.219
      20.304        9.900        4.035       56.219
      20.404       10.000        4.035       56.219
      20.505       19.900        4.035       56.219
      20.605        0.000        4.035       56.219
      20.706       19.900        4.035       56.484
      20.806        9.900        4.035       56.230
      20.907       10.000        4.035       56.230
      21.007        9.900        4.035       56.230
      21.108        9.900        4.035       56.230
      21.208        0.000        4.035       56.230
      21.309       19.900        4.035       56.230
      21.409       19.900        4.035       56.230
      21.510        9.900        4.035       56.230
      21.610        0.000        4.035       56.230
      21.711       10.000        4.035       56.230
      21.811       10.000        4.035       56.230
      21.911       19.900        4.035       56.230
      22.012       19.900        4.035       56.230
      22.112       10.000        4.035       56.230
      22.212        0.000        4.035       56.230
      22.313       10.000        4.035       56.230
      22.413       19.900        4.035       56.230
      22.514       10.000        4.035       56.230
      22.614       10.000        4.035       56.230
      22.715        9.900        4.035       56.230
      22.815        9.900        4.035       56.230
      22.916       19.900        4.035       56.230
      23.016        9.900        4.035       56.230
      23.117        9.900        4.035       56.230
      23.217        0.000        4.035       56.230
      23.318       19.900        4.035       56.230
      23.418       19.900        4.035       56.230
      23.519       10.000        4.035       56.230
      23.619        9.900        4.035       56.230
      23.720        0.000        4.035       56.230
      23.820       19.900        4.035       56.230
      23.921       10.000        4.035       56.230
      24.021       10.000        4.035       56.230
      24.122       19.900        4.035       56.230
      24.222        0.000        4.035       56.230
      24.323        0.000        4.035       56.230
      24.423       19.900        4.035       56.230
      24.524       19.900        4.035       56.230
      24.624        9.900        4.035       56.230
      24.725        0.000        4.035       56.230
      24.825       19.900        4.035       56.230
      24.926       19.900        4.035       56.230
      25.026        9.900        4.035       56.230
      25.127       10.000        4.035       56.230
      25.227        0.000        4.035       56.230
      25.328        9.900        4.035       56.230
      25.428       19.900        4.035       56.230
      25.529       10.000        4.035       56.230
      25.629       19.900        4.035       56.230
      25.730        0.000        4.035       56.230
      25.830       10.000        4.035       56.230
      25.931       19.900        4.035       56.230
      26.031       19.900        4.035       56.230
      26.132       10.000        4.035       56.230
      26.232       10.000        4.035       56.230
      26.333        0.000        4.035       56.230
      26.433        9.900        4.035       56.230
      26.534       19.900        4.035       56.230
      26.634       19.900        4.035       56.230
      26.735        0.000        4.035       56.230
      26.835        9.900        4.035       56.230
      26.936       10.000        4.035       56.230
      27.036       10.000        4.035       56.230
      27.137       19.900        4.035       56.230
      27.237       19.900        4.035       56.230
      27.338       10.000        4.035       56.230
      27.438       10.000        4.035       56.230
      27.539        9.900        4.035       56.230
      27.639       19.900        4.035       56.230
      27.740        0.000        4.035       56.230
      27.840        9.900        4.035       56.230
      27.941       19.900        4.035       56.230
      28.041       19.900        4.035       56.230
      28.142       10.000        4.035       56.230
      28.242        0.000        4.035       56.230
      28.342       10.000        4.035       56.230
      28.443       19.900        4.035       56.230
      28.544       19.900        4.035       56.230
      28.644       10.000        4.035       56.230
      28.745        0.000        4.035       56.230
      28.845        9.900        4.035       56.230
      28.946        9.900        4.035       56.230
      29.046       10.000        4.035       56.230
      29.147       19.900        4.035       56.230
      29.247        9.900        4.035       56.230
      29.348        0.000        4.035       56.230
      29.448        9.900        4.035       56.230
      29.549       19.900        4.035       56.230
      29.649       10.000        4.035       56.230
      29.750        9.900        4.035       56.230
      29.850       19.900        4.035       56.230
      29.951        9.900        4.035       56.230
      30.052        9.900        4.035       56.230
      30.152       19.900        4.035       56.230
      30.253        9.900        4.035       56.230
      30.353        0.000        4.035       56.230
      30.454        9.900        4.035       56.230
      30.554       19.900        4.035       56.230
      30.655       10.000        4.035       56.230
      30.755       10.000        4.035       56.230
      30.855       10.000        4.035       56.230
      30.955       10.000        4.035       56.230
      31.056       19.900        4.035       56.230
      31.156       19.900        4.035       56.230
      31.257        9.900        4.035       56.230
      31.357        9.900        4.035       56.230
      31.458        0.000        4.035       56.230
      31.558       19.900        4.035       56.230
      31.659       10.000        4.035       56.230
      31.759       10.000        4.035       56.230
      31.860       10.000        4.035       56.230
      31.960        0.000        4.035       56.230
      32.061       19.900        3.953       56.137
      32.161       19.900        3.953       56.137
      32.262       19.900        3.953       56.137
      32.362        0.000        3.953       56.137
      32.463       10.000        3.953       56.137
      32.563       19.900        3.953       56.137
      32.664        9.900        3.953       56.137
      32.764        9.900        3.953       56.137
      32.865        9.900        3.953       56.137
      32.965        0.000        3.953       56.137
      33.066       19.900        3.953       56.137
      33.166       19.900        3.953       56.137
      33.267       10.000        3.953       56.137
      33.367        9.900        3.953       56.137
      33.468       10.000        3.953       56.137
      33.568       10.000        3.953       56.137
      33.669       19.900        3.953       56.137
      33.769       10.000        3.953       56.137
      33.870       10.000        3.953       56.137
      33.970       10.000        3.953       56.137
      34.070       10.000        3.953       56.137
      34.171       10.000        3.953       56.137
      34.271       10.000        3.953       56.137
      34.372        9.900        3.953       56.137
      34.472       10.000        3.953       56.137
      34.573       10.000        3.953       56.137
      34.673       19.900        3.953       56.137
      34.773        9.900        3.953       56.137
      34.874        9.900        3.953       56.137
      34.975       19.900        3.953       56.137
      35.075       10.000        3.953       56.137
      35.175        9.900        3.953       56.137
      35.276       19.900        3.953       56.137
      35.377        0.000        3.953       56.137
      35.477       19.900        3.953       56.137
      35.578        9.900        3.953       56.137
      35.678        9.900        3.953       56.137
      35.779        9.900        3.953       56.137
      35.879       19.900        3.953       56.137
      35.980        0.000        3.953       56.137
      36.080        9.900        3.953       56.137
      36.181       19.900        3.953       56.137
      36.281        9.900        3.953       56.137
      36.382        9.900        3.953       56.137
      36.482        9.900        3.953       56.137
      36.583        9.900        3.953       56.137
      36.683       19.900        3.953       56.137
      36.784       10.000        3.953       56.137
      36.884       10.000        3.953       56.137
      36.985       19.900        3.953       56.137
      37.085        0.000        3.953       56.137
      37.186       19.900        3.953       56.137
      37.286       19.900        3.953       56.137
      37.386        0.000        3.953       56.137
      37.487       10.000        3.953       56.137
      37.587       19.900        3.953       56.137
      37.687       10.000        3.953       56.137
      37.788        9.900        3.953       56.137
      37.888        9.900        3.953       56.137
      37.989        9.900        3.953       56.137
      38.090        9.900        3.953       56.137
      38.190       19.900        3.953       56.137
      38.291       10.000        3.953       56.137
      38.391        9.900        3.953       56.137
      38.492        9.900        3.953       56.137
      38.592       10.000        3.953       56.137
      38.693       10.000        3.953       56.137
      38.793       29.900        3.953       56.137
      38.893        0.000        3.953       56.137
      38.994        9.900        3.953       56.137
      39.094       10.000        3.953       56.137
      39.195       19.900        3.953       56.137
      39.295        9.900        3.953       56.137
      39.396        9.900        3.953       56.137
      39.496       10.000        3.953       56.137
      39.597        0.000        3.953       56.137
      39.697       19.900        3.953       56.137
      39.797       19.900        3.953       56.137
      39.898        9.900        3.953       56.137
      39.999       10.000        3.953       56.137
      40.099       10.000        3.953       56.137
      40.199        9.900        3.953       56.137
      40.300        9.900        3.953       56.137
      40.401       19.900        3.953       56.137
      40.501        9.900        3.953       56.137
      40.602        0.000        3.953       56.137
      40.702       10.000        3.953       56.137
      40.803       19.900        3.953       56.137
      40.903        9.900        3.953       56.137
      41.004        9.900        3.953       56.137
      41.104        9.900        3.953       56.137
      41.205        9.900        3.953       56.137
      41.305       29.900        3.953       56.137
      41.406        9.900        3.953       56.137
      41.506       10.000        3.953       56.137
      41.607        0.000        3.953       56.137
      41.707       10.000        3.953       56.137
      41.808       19.900        3.953       56.137
      41.908       10.000        3.953       56.137
      42.008       10.000        3.953       56.137
      42.109        9.900        3.953       56.137
      42.209        9.900        3.953       56.137
      42.310        9.900        3.953       56.137
      42.410       19.900        3.953       56.137
      42.511        9.900        3.953       56.137
      42.612       19.900        3.953       56.137
      42.712        0.000        3.953       56.137
      42.813       19.900        3.953       56.137
      42.913        9.900        3.953       56.137
      43.014       10.000        3.953       56.137
      43.114       10.000        3.953       56.137
      43.215       10.000        3.953       56.137
      43.315       10.000        3.953       56.137
      43.415       10.000        3.953       56.137
      43.516       10.000        3.953       56.137
      43.616       10.000        3.953       56.137
      43.716       10.000        3.953       56.137
      43.817       19.900        3.953       56.137
      43.917       19.900        3.953       56.137
      44.018        0.000        3.953       56.137
      44.118       10.000        3.953       56.137
      44.219       10.000        3.953       56.137
      44.319       10.000        3.953       56.137
      44.420       19.900        3.953       56.137
      44.520       10.000        3.953       56.137
      44.620        9.900        3.953       56.137
      44.721        0.000        3.953       56.137
      44.822       19.900        3.953       56.137
      44.922        9.900        3.953       56.137
      45.022       19.900        3.953       56.137
      45.123       10.000        3.953       56.137
      45.223        9.900        3.953       56.137
      45.324        9.900        3.953       56.137
      45.424       19.900        3.953       56.137
      45.525        9.900        3.953       56.137
      45.626        9.900        3.953       56.137
      45.726        9.900        3.953       56.137
      45.827       19.900        3.953       56.137
      45.927        0.000        3.953       56.137
      46.028       19.900        3.953       56.137
      46.128       10.000        3.953       56.137
      46.229       10.000        3.953       56.137
      46.329       19.900        3.953       56.137
      46.429       10.000        3.953       56.137
      46.530       19.900        3.953       56.137
      46.631       10.000        3.953       56.137
      46.731        0.000        3.953       56.137
      46.831       19.900        3.953       56.137
      46.932        9.900        3.953       56.137
      47.032        9.900        3.953       56.137
      47.133        9.900        3.953       56.137
      47.234       19.900        3.953       56.137
      47.334        9.900        3.953       56.137
      47.435        9.900        3.953       56.137
      47.535       19.900        3.953       56.137
      47.636       10.000        3.953       56.137
      47.736       10.000        3.953       56.137
      47.836       19.900        3.953       56.137
      47.937        9.900        3.953       56.137
      48.037        0.000        3.953       56.137
      48.138        9.900        3.953       56.137
      48.239        9.900        3.953       56.137
      48.339       19.900        3.953       56.137
      48.440       10.000        3.953       56.137
      48.540       10.000        3.953       56.137
      48.640       19.900        3.953       56.137
      48.741       10.000        3.953       56.137
      48.841        9.900        3.953       56.137
      48.942       19.900        3.953       56.137
      49.042        0.000        3.953       56.137
      49.143       19.900        3.953       56.137
      49.244        9.900        3.953       56.137
      49.344        9.900        3.953       56.137
      49.445        9.900        3.953       56.137
      49.545        9.900        3.953       56.137
      49.646       19.900        3.953       56.137
      49.746        9.900        3.953       56.137
      49.847        0.000        3.953       56.137
      49.948       19.900        3.953       56.137
      50.048       10.000        3.953       56.137
      50.148       10.000        3.953       56.137
      50.249       19.900        3.953       56.137
      50.349        0.000        3.953       56.137
      50.450       19.900        3.953       56.137
      50.550       10.000        3.953       56.137
      50.651       10.000        3.953       56.137
      50.751        0.000        3.953       56.137
      50.851       19.900        3.953       56.137
      50.952       10.000        3.953       56.137
      51.052        9.900        3.953       56.137
      51.153       19.900        3.953       56.137
      51.253        9.900        3.953       56.137
      51.354        9.900        3.953       56.137
      51.454       19.900        3.953       56.137
      51.555       10.000        3.953       56.137
      51.655       10.000        3.953       56.137
      51.756        9.900        3.953       56.137
      51.856        9.900        3.953       56.137
      51.957       10.000        3.953       56.137
      52.057       10.000        3.953       56.137
      52.157       10.000        3.953       56.137
      52.258       19.900        3.953       56.137
      52.359        0.000        3.953       56.137
      52.459        9.900        3.953       56.137
      52.560       19.900        3.953       56.137
      52.660       10.000        3.953       56.137
      52.761       10.000        3.953       56.137
      52.861       10.000        3.953       56.137
      52.961       19.900        3.953       56.137
      53.062       10.000        3.953       56.137
      53.162        9.900        3.953       56.137
      53.263       10.000        3.953       56.137
      53.363       10.000        3.953       56.137
      53.463       10.000        3.953       56.137
      53.564       10.000        3.953       56.137
      53.664       19.900        3.953       56.137
      53.765        0.000        3.953       56.137
      53.865       19.900        3.953       56.137
      53.966        9.900        3.953       56.137
      54.066       19.900        3.953       56.137
      54.167        0.000        3.953       56.137
      54.267        0.000        3.953       56.137
      54.368        9.900        3.953       56.137
      54.468        0.000        3.953       56.137
      54.569       19.900        3.953       56.137
      54.669        0.000        3.953       56.137
      54.770        0.000        3.953       56.137
      54.870        9.900        3.953       56.137
      54.971       10.000        3.953       56.137
      55.071        0.000        3.953       56.137
      55.172       19.900        3.953       56.137
      55.272       10.000        3.953       56.137
      55.372       10.000        3.953       56.137
      55.473       10.000        3.953       56.137
      55.573       19.900        3.953       56.137
      55.674        0.000        3.953       56.137
      55.774        9.900        3.953       56.137
      55.875       10.000        3.953       56.137
      55.975       10.000        3.953       56.137
      56.076       10.000        3.953       56.137
      56.176       19.900        3.953       56.137
      56.277        9.900        3.953       56.137
      56.377       10.000        3.953       56.137
      56.478       19.900        3.953       56.137
      56.578        9.900        3.953       56.137
      56.679       10.000        3.953       56.137
      56.779       10.000        3.953       56.137
      56.880       10.000        3.953       56.137
      56.980       10.000        3.953       56.137
      57.080       19.900        3.953       56.137
      57.181       10.000        3.953       56.137
      57.281        9.900        3.953       56.137
      57.382        9.900        3.953       56.137
      57.482        9.900        3.953       56.137
      57.583       10.000        3.953       56.137
      57.683        9.900        3.953       56.137
      57.784       19.900        3.953       56.137
      57.884        9.900        3.953       56.137
      57.985        9.900        3.953       56.137
      58.086       19.900        3.953       56.137
      58.186       10.000        3.953       56.137
      58.287        9.900        3.953       56.137
      58.387        0.000        3.953       56.137
      58.488       19.900        3.953       56.137
      58.588       10.000        3.953       56.137
      58.688       10.000        3.953       56.137
      58.789        9.900        3.953       56.137
      58.889       19.900        3.953       56.137
      58.990       10.000        3.953       56.137
      59.091        9.900        3.953       56.137
      59.191       19.900        3.953       56.137
      59.292       19.900        3.953       56.137
      59.392        0.000        3.953       56.137
      59.493        9.900        3.953       56.137
      59.593       10.000        3.953       56.137
      59.694       19.900        3.953       56.137
      59.794       10.000        3.953       56.137
      59.895        9.900        3.953       56.137
      59.995        0.000        3.953       56.137
      60.096       19.900        3.953       56.137
      60.196       19.900        3.953       56.137
      60.297        9.900        3.953       56.137
      60.397       10.000        3.953       56.137
      60.497       10.000        3.953       56.137
      60.598       19.900        3.953       56.137
      60.699        9.900        3.953       56.137
      60.799        9.900        3.953       56.137
      60.900        9.900        3.953       56.137
      61.000        9.900        3.953       56.137
      61.101        9.900        3.953       56.137
      61.201        9.900        3.953       56.137
      61.302       19.900        3.953       56.137
      61.402        9.900        3.953       56.137
      61.503       19.900        3.953       56.137
      61.603       10.000        3.953       56.137
      61.704       19.900        3.953       56.137
      61.804        9.900        3.953       56.137
      61.905       10.000        3.953       56.137
      62.005        0.000        3.953       56.137
      62.105       19.900        3.953       56.137
      62.206        9.900        3.953       56.137
      62.307        0.000        3.953       56.137
      62.407       19.900        3.953       56.137
      62.508        9.900        3.953       56.137
      62.608        9.900        3.953       56.137
      62.709       10.000        3.953       56.137
      62.809        9.900        3.953       56.137
      62.910       19.900        3.980       56.137
      63.010       10.000        3.980       56.137
      63.111       19.900        3.980       56.137
      63.211       10.000        3.980       56.137
      63.312       10.000        3.980       56.137
      63.412        9.900        3.980       56.137
      63.513       10.000        3.980       56.137
      63.613       19.900        3.980       56.137
      63.714        9.900        3.980       56.137
      63.814        9.900        3.980       56.137
      63.915        9.900        3.980       56.137
      64.015        9.900        3.980       56.137
      64.116       10.000        3.980       56.137
      64.216       19.900        3.980       56.137
      64.316       10.000        3.980       56.137
      64.417       10.000        3.980       56.137
      64.517        9.900        3.980       56.137
      64.618       10.000        3.980       56.137
      64.718       10.000        3.980       56.137
      64.819       19.900        3.980       56.137
      64.919        9.900        3.980       56.137
      65.020        9.900        3.980       56.137
      65.120       10.000        3.980       56.137
      65.221       10.000        3.980       56.137
      65.321       19.900        3.980       56.137
      65.422        9.900        3.980       56.137
      65.522       10.000        3.980       56.137
      65.623       10.000        3.980       56.137
      65.723       19.900        3.980       56.137
      65.824       19.900        3.980       56.137
      65.924       10.000        3.980       56.137
      66.025       10.000        3.980       56.137
      66.125        0.000        3.980       56.137
      66.225       19.900        3.980       56.137
      66.326       10.000        3.980       56.137
      66.426       10.000        3.980       56.137
      66.527       19.900        3.980       56.137
      66.627        0.000        3.980       56.137
      66.728       19.900        3.980       56.137
      66.828       10.000        3.980       56.137
      66.929       19.900        3.980       56.137
      67.029        9.900        3.980       56.137
      67.130        9.900        3.980       56.137
      67.230       10.000        3.980       56.137
      67.331       10.000        3.980       56.137
      67.431       10.000        3.980       56.137
      67.532       19.900        3.980       56.137
      67.632        0.000        3.980       56.137
      67.733       10.000        3.953       56.137
      67.833       19.900        3.953       56.137
      67.933        9.900        3.953       56.137
      68.034       10.000        3.953       56.137
      68.134       10.000        3.953       56.137
      68.235       19.900        3.953       56.137
      68.335       10.000        3.953       56.137
      68.436       19.900        3.953       56.137
      68.536       10.000        3.953       56.137
      68.636       10.000        3.953       56.137
      68.737       10.000        3.953       56.137
      68.837       10.000        3.953       56.137
      68.938        9.900        3.953       56.137
      69.038       19.900        3.953       56.137
      69.139       10.000        3.953       56.137
      69.239       10.000        3.953       56.137
      69.340        9.900        3.953       56.137
      69.440       19.900        3.953       56.137
      69.541       10.000        3.953       56.137
      69.641        0.000        3.953       56.137
      69.742       19.900        3.953       56.137
      69.842       19.900        3.953       56.137
      69.943        0.000        3.953       56.137
      70.043       19.900        3.953       56.137
      70.144        0.000        3.953       56.137
      70.244       19.900        3.953       56.137
      70.345        0.000        3.953       56.137
      70.445       19.900        3.953       56.137
      70.546       19.900        3.953       56.137
      70.646       10.000        3.953       56.137
      70.747       10.000        3.953       56.137
      70.847       19.900        3.953       56.137
      70.948        9.900        3.953       56.137
      71.048        9.900        3.953       56.137
      71.149        9.900        3.953       56.137
      71.249        9.900        3.953       56.137
      71.350        9.900        3.953       56.137
      71.450       10.000        3.953       56.137
      71.551       19.900        3.953       56.137
      71.651       10.000        3.953       56.137
      71.752       10.000        3.953       56.137
      71.852        9.900        3.953       56.137
      71.952       19.900        3.953       56.137
      72.053        9.900        3.953       56.137
      72.154       10.000        3.953       56.137
      72.254       10.000        3.953       56.137
      72.354       10.000        3.953       56.137
      72.455       19.900        3.953       56.137
      72.555        9.900        3.953       56.137
      72.656        9.900        3.953       56.137
      72.756        0.000        3.953       56.137
      72.857        9.900        3.953       56.137
      72.958       19.900        3.953       56.137
      73.058       19.900        3.953       56.137
      73.158       10.000        3.953       56.137
      73.259       19.900        3.953       56.137
      73.360        9.900        3.953       56.137
      73.460       19.900        3.953       56.137
      73.561        0.000        3.953       56.137
      73.661        9.900        3.953       56.137
      73.762       10.000        3.953       56.137
      73.862        9.900        3.953       56.137
      73.963       10.000        3.953       56.137
      74.063       19.900        3.953       56.137
      74.164        9.900        3.953       56.137
      74.264       19.900        3.953       56.137
      74.365        9.900        3.953       56.137
      74.465        9.900        3.953       56.137
      74.566       19.900        3.953       56.137
      74.666        9.900        3.953       56.137
      74.767       10.000        3.953       56.137
      74.867        0.000        3.953       56.137
      74.968       19.900        3.953       56.137
      75.068        9.900        3.953       56.137
      75.169        9.900        3.953       56.137
      75.270       19.900        3.953       56.137
      75.370        0.000        3.953       56.137
      75.471       19.900        3.953       56.137
      75.571       10.000        3.953       56.137
      75.671       19.900        3.953       56.137
      75.772        9.900        3.953       56.137
      75.872       10.000        3.953       56.137
      75.973       19.900        3.953       56.137
      76.073       10.000        3.953       56.137
      76.173       10.000        3.953       56.137
      76.274        9.900        3.953       56.137
      76.375        9.900        3.953       56.137
      76.475       10.000        3.953       56.137
      76.576        9.900        3.953       56.137
      76.676       19.900        3.953       56.137
      76.776       10.000        3.953       56.137
      76.877       19.900        3.953       56.137
      76.977       10.000        3.953       56.137
      77.078       10.000        3.953       56.137
      77.178        9.900        3.953       56.137
      77.279       19.900        3.953       56.137
      77.379        9.900        3.953       56.137
      77.480        9.900        3.953       56.137
      77.580        9.900        3.953       56.137
      77.681        9.900        3.953       56.137
      77.781        9.900        3.953       56.137
      77.882        9.900        3.953       56.137
      77.982       19.900        3.953       56.137
      78.083       10.000        3.953       56.137
      78.183        0.000        3.953       56.137
      78.284       19.900        3.953       56.137
      78.384       19.900        3.953       56.137
      78.485       10.000        3.953       56.137
      78.585        9.900        3.953       56.137
      78.686       19.900        3.953       56.137
      78.786        9.900        3.953       56.137
      78.887       10.000        3.953       56.137
      78.987       10.000        3.953       56.137
      79.088        0.000        3.953       56.137
      79.188       19.900        3.953       56.137
      79.289       10.000        3.953       56.137
      79.389        9.900        3.953       56.137
      79.490       10.000        3.953       56.137
      79.590       19.900        3.953       56.137
      79.691       10.000        3.953       56.137
      79.791       10.000        3.953       56.137
      79.892       19.900        3.953       56.137
      79.992       10.000        3.953       56.137
      80.092       10.000        3.953       56.137
      80.193       19.900        3.953       56.137
      80.294        0.000        3.953       56.137
      80.394       10.000        3.953       56.137
      80.494       19.900        3.953       56.137
      80.595       10.000        3.953       56.137
      80.695       10.000        3.953       56.137
      80.796        9.900        3.953       56.137
      80.896       19.900        3.953       56.137
      80.997       10.000        3.953       56.137
      81.097       19.900        3.953       56.137
      81.198        0.000        3.953       56.137
      81.298       19.900        3.953       56.137
      81.399       10.000        3.953       56.137
      81.499       10.000        3.953       56.137
      81.599       10.000        3.953       56.137
      81.699       10.000        3.953       56.137
      81.800        9.900        3.953       56.137
      81.901       19.900        3.953       56.137
      82.001        9.900        3.953       56.137
      82.102        9.900        3.953       56.137
      82.202       19.900        3.953       56.137
      82.303       10.000        3.953       56.137
      82.403       10.000        3.953       56.137
      82.503       10.000        3.953       56.137
      82.604       19.900        3.953       56.137
      82.704       10.000        3.953       56.137
      82.805        9.900        3.953       56.137
      82.905       10.000        3.953       56.137
      83.006        0.000        3.953       56.137
      83.106       19.900        3.953       56.137
      83.207        9.900        3.953       56.137
      83.307       19.900        3.953       56.137
      83.408        9.900        3.953       56.137
      83.508       10.000        3.953       56.137
      83.609       10.000        3.953       56.137
      83.709       19.900        3.953       56.137
      83.810        9.900        3.953       56.137
      83.911        9.900        3.953       56.137
      84.011        9.900        3.953       56.137
      84.112        9.900        3.953       56.137
      84.212       19.900        3.953       56.137
      84.313        9.900        3.953       56.137
      84.413       10.000        3.953       56.137
      84.514       10.000        3.953       56.137
      84.614       19.900        3.953       56.137
      84.714       10.000        3.953       56.137
      84.815       10.000        3.953       56.137
      84.915       10.000        3.953       56.137
      85.015       19.900        3.953       56.137
      85.116       10.000        3.953       56.137
      85.216        9.900        3.953       56.137
      85.317        9.900        3.953       56.137
      85.417       10.000        3.953       56.137
      85.518       10.000        3.953       56.137
      85.618       10.000        3.953       56.137
      85.718       19.900        3.953       56.137
      85.819        9.900        3.953       56.137
      85.919        9.900        3.953       56.137
      86.020       19.900        3.953       56.137
      86.120       10.000        3.953       56.137
      86.221        9.900        3.953       56.137
      86.321        9.900        3.953       56.137
      86.422       10.000        3.953       56.137
      86.523        9.900        3.953       56.137
      86.623       19.900        3.953       56.137
      86.724        9.900        3.953       56.137
      86.824       10.000        3.953       56.137
      86.924       10.000        3.953       56.137
      87.025       10.000        3.953       56.137
      87.125        9.900        3.953       56.137
      87.226       19.900        3.953       56.137
      87.326       19.900        3.953       56.137
      87.427        0.000        3.953       56.137
      87.528        9.900        3.953       56.137
      87.628       10.000        3.953       56.137
      87.728       10.000        3.953       56.137
      87.829       19.900        3.953       56.137
      87.929       10.000        3.953       56.137
      88.030       19.900        3.953       56.137
      88.130        0.000        3.953       56.137
      88.231       19.900        3.973       56.137
      88.331       10.000        3.973       56.137
      88.432        9.900        3.973       56.137
      88.532       19.900        3.973       56.137
      88.633        0.000        3.973       56.137
      88.733       19.900        3.973       56.137
      88.833       19.900        3.973       56.137
      88.934        9.900        3.973       56.137
      89.035        9.900        3.973       56.137
      89.135        9.900        3.973       56.137
      89.236        9.900        3.973       56.137
      89.336       10.000        3.973       56.137
      89.436       10.000        3.973       56.137
      89.537       10.000        3.973       56.137
      89.637        9.900        3.973       56.137
      89.738       19.900        3.973       56.137
      89.838       19.900        3.973       56.137
      89.939       10.000        3.973       56.137
      90.039        9.900        3.973       56.137
      90.140        0.000        3.973       56.137
      90.240       19.900        3.973       56.137
      90.341        9.900        3.973       56.137
      90.441       10.000        3.973       56.137
      90.542       10.000        3.973       56.137
      90.642       19.900        3.973       56.137
      90.743        9.900        3.973       56.137
      90.844        9.900        3.973       56.137
      90.944       19.900        3.973       56.137
      91.044        0.000        3.973       56.137
      91.145       19.900        3.973       56.137
      91.245       10.000        3.973       56.137
      91.346       19.900        3.973       56.137
      91.446        9.900        3.973       56.137
      91.547       10.000        3.973       56.137
      91.647       10.000        3.973       56.137
      91.748        0.000        3.973       56.137
      91.848        9.900        3.973       56.137
      91.949       19.900        3.973       56.137
      92.049        0.000        3.953       56.137
      92.150       19.900        3.953       56.137
      92.250        9.900        3.953       56.137
      92.351       19.900        3.953       56.137
      92.451       10.000        3.953       56.137
      92.551       10.000        3.953       56.137
      92.652       10.000        3.953       56.137
      92.752       10.000        3.953       56.137
      92.853        9.900        3.953       56.137
      92.953       19.900        3.953       56.137
      93.054        9.900        3.953       56.137
      93.154        0.000        3.953       56.137
      93.255       19.900        3.953       56.137
      93.355       10.000        3.953       56.137
      93.455       19.900        3.953       56.137
      93.556        0.000        3.953       56.137
      93.656       19.900        3.953       56.137
      93.757       19.900        3.953       56.137
      93.858       10.000        3.953       56.137
      93.958       10.000        3.953       56.137
      94.058       10.000        3.953       56.137
      94.159        9.900        3.953       56.137
      94.259       10.000        3.953       56.137
      94.360       10.000        3.953       56.137
      94.460        9.900        3.953       56.137
      94.561       19.900        3.953       56.137
      94.661       10.000        3.953       56.137
      94.762       10.000        3.953       56.137
      94.862       19.900        3.953       56.137
      94.962       10.000        3.953       56.137
      95.063       19.900        3.953       56.137
      95.163        9.900        3.953       56.137
      95.264        0.000        3.953       56.137
      95.364       19.900        3.953       56.137
      95.465        9.900        3.953       56.137
      95.566        9.900        3.953       56.137
      95.666       10.000        3.953       56.137
      95.767        9.900        3.953       56.137
      95.867        9.900        3.953       56.137
      95.967       10.000        3.953       56.137
      96.068        9.900        3.953       56.137
      96.169       29.800        3.953       56.137
      96.269       10.000        3.953       56.137
      96.370        9.900        3.953       56.137
      96.470        9.900        3.953       56.137
      96.571       10.000        3.953       56.137
      96.671       10.000        3.953       56.137
      96.771       10.000        3.953       56.137
      96.872        9.900        3.953       56.137
      96.973       19.900        3.953       56.137
      97.073        9.900        3.953       56.137
      97.174        9.900        3.953       56.137
      97.274       10.000        3.953       56.137
      97.375       19.900        3.953       56.137
      97.475       10.000        3.953       56.137
      97.576        9.900        3.953       56.137
      97.676       19.900        3.953       56.137
      97.777        0.000        3.953       56.137
      97.877       10.000        3.953       56.137
      97.978       19.900        3.953       56.137
      98.078        9.900        3.953       56.137
      98.179        9.900        3.953       56.137
      98.279       10.000        3.953       56.137
      98.379       10.000        3.953       56.137
      98.480        9.900        3.953       56.137
      98.580       19.900        3.953       56.137
      98.681        9.900        3.953       56.137
      98.782       19.900        3.953       56.137
      98.882       10.000        3.953       56.137
      98.982       10.000        3.953       56.137
      99.083        9.900        3.953       56.137
      99.184        9.900        3.953       56.137
      99.284       19.900        3.953       56.137
      99.385        0.000        3.953       56.137
      99.485       19.900        3.953       56.137
      99.586        9.900        3.953       56.137
      99.686        9.900        3.953       56.137
      99.787       19.900        3.953       56.137
      99.887        0.000        3.953       56.137
      99.988       19.900        3.953       56.137
