# Elapsed time   CPU (%)     Real (MB)   Virtual (MB)
       0.000        0.000        5.863       16.555
       0.100        0.000        5.863       16.555
       0.201        0.000        5.863       16.555
       0.301        0.000        5.863       16.555
       0.402        0.000        5.863       16.555
       0.502        0.000        5.863       16.555
       0.602        0.000        6.363       16.555
       0.703       10.000        6.488       16.852
       0.803        0.000        6.488       16.852
       0.903        0.000        6.488       16.852
       1.004        0.000        6.488       16.852
       1.104        0.000        6.488       16.852
       1.204        0.000        6.488       16.852
       1.305        0.000        6.488       16.852
       1.405        0.000        6.488       16.852
       1.506        0.000        6.488       16.852
       1.606        0.000        6.488       16.852
       1.706        0.000        6.488       16.852
       1.807        0.000        6.488       16.852
       1.907        0.000        6.488       16.852
       2.007        0.000        6.488       16.852
       2.108        0.000        6.488       16.852
       2.208        0.000        6.488       16.852
       2.309        0.000        6.488       16.852
       2.409        0.000        6.488       16.852
       2.509        0.000        6.488       16.852
       2.610        0.000        6.488       16.852
       2.710        0.000        6.488       16.852
       2.810        0.000        6.488       16.852
       2.911        0.000        6.488       16.852
       3.011        0.000        6.488       16.852
       3.111        0.000        6.488       16.852
       3.212       29.900        6.488       16.852
       3.312       49.800        6.488       16.852
       3.412       59.800        6.488       16.852
       3.513        0.000        6.488       16.852
       3.613        0.000        6.488       16.852
       3.713        0.000        6.488       16.852
       3.814        0.000        6.488       16.852
       3.914       29.900        6.488       16.852
       4.014       19.900        6.488       16.852
       4.115        0.000        6.488       16.852
       4.215        0.000        6.488       16.852
       4.315        0.000        6.488       16.852
       4.416        0.000        6.488       16.852
       4.517        0.000        6.488       16.852
       4.617        0.000        6.488       16.852
       4.717        0.000        6.488       16.852
       4.818        0.000        6.488       16.852
       4.918       29.900        6.488       16.852
       5.019       10.000        6.488       16.852
       5.119        0.000        6.488       16.852
       5.219        0.000        6.488       16.852
       5.320        0.000        6.488       16.852
       5.420        0.000        6.488       16.852
       5.521        0.000        6.488       16.852
       5.621        0.000        6.488       16.852
       5.722        0.000        6.488       16.852
       5.822        0.000        6.488       16.852
       5.922        0.000        6.488       16.852
       6.023        0.000        6.488       16.852
       6.123        0.000        6.488       16.852
       6.224        0.000        6.488       16.852
       6.324        0.000        6.488       16.852
       6.424        0.000        6.488       16.852
       6.525        0.000        6.488       16.852
       6.625        0.000        6.488       16.852
       6.726        0.000        6.488       16.852
       6.826        0.000        6.488       16.852
       6.926        0.000        6.488       16.852
       7.027        0.000        6.488       16.852
       7.127        0.000        6.488       16.852
       7.228        0.000        6.488       16.852
       7.328        0.000        6.488       16.852
       7.428        0.000        6.488       16.852
       7.529        0.000        6.488       16.852
       7.629        0.000        6.488       16.852
       7.730        0.000        6.488       16.852
       7.830        0.000        6.488       16.852
       7.931        0.000        6.488       16.852
       8.031        0.000        6.488       16.852
       8.131        0.000        6.488       16.852
       8.232       49.800        7.363       17.508
       8.332       99.400        8.863       19.254
       8.433       99.300        8.863       19.254
       8.534       99.600        8.863       19.254
       8.634        0.000        8.863       19.254
       8.734        0.000        8.863       19.254
       8.834        0.000        8.863       19.254
       8.935        0.000        8.863       19.254
       9.035        0.000        8.863       19.254
       9.135        0.000        8.863       19.254
       9.236        0.000        8.863       19.254
       9.336        0.000        8.863       19.254
       9.436        0.000        8.863       19.254
       9.537        0.000        8.863       19.254
       9.637        0.000        8.863       19.254
       9.737        0.000        8.863       19.254
       9.838        0.000        8.863       19.254
       9.938        0.000        8.863       19.254
      10.038        0.000        8.863       19.254
      10.139        0.000        8.863       19.254
      10.239        0.000        8.863       19.254
      10.339        0.000        8.863       19.254
      10.440        0.000        8.863       19.254
      10.540        0.000        8.863       19.254
      10.640        0.000        8.863       19.254
      10.741        0.000        8.863       19.254
      10.841        0.000        8.863       19.254
      10.941        0.000        8.863       19.254
      11.042        0.000        8.863       19.254
      11.142        0.000        8.863       19.254
      11.242        0.000        8.863       19.254
      11.343        0.000        8.863       19.254
      11.443        0.000        8.863       19.254
      11.543        0.000        8.863       19.254
      11.644        0.000        8.863       19.254
      11.744        0.000        8.863       19.254
      11.844        0.000        8.863       19.254
      11.945        0.000        8.863       19.254
      12.045        0.000        8.863       19.254
      12.145        0.000        8.863       19.254
      12.246        0.000        8.863       19.254
      12.346        0.000        8.863       19.254
      12.446        0.000        8.863       19.254
      12.547        0.000        8.863       19.254
      12.647        0.000        8.863       19.254
      12.747        0.000        8.863       19.254
      12.848        0.000        8.863       19.254
      12.948        0.000        8.863       19.254
      13.048        0.000        8.863       19.254
      13.149        0.000        8.863       19.254
      13.249        0.000        8.863       19.254
      13.349        0.000        8.863       19.254
      13.450        0.000        8.863       19.254
      13.550        0.000        8.863       19.254
      13.650        0.000        8.863       19.254
      13.751        0.000        8.863       19.254
      13.851        0.000        8.863       19.254
      13.951        0.000        8.863       19.254
      14.052       29.800        8.863       19.254
      14.152       99.700        8.863       19.254
      14.253       99.600        8.863       19.254
      14.353        0.000        8.863       19.254
      14.453        0.000        8.863       19.254
      14.554       29.900        8.863       19.254
      14.654       29.900        8.863       19.254
      14.754        0.000        8.863       19.254
      14.855        0.000        8.863       19.254
      14.955       39.900        8.863       19.254
      15.055       59.800        8.863       19.254
      15.156       59.800        8.863       19.254
      15.256       59.800        8.863       19.254
      15.356       29.900        8.863       19.254
      15.457        0.000        8.863       19.254
      15.557        0.000        8.863       19.254
      15.657        0.000        8.863       19.254
      15.758        0.000        8.863       19.254
      15.858        0.000        8.863       19.254
      15.958        0.000        8.863       19.254
      16.059        0.000        8.863       19.254
      16.159        0.000        8.863       19.254
      16.259        0.000        8.863       19.254
      16.360        0.000        8.863       19.254
      16.460        0.000        8.863       19.254
      16.560        0.000        8.863       19.254
      16.661        0.000        8.863       19.254
      16.761        0.000        8.863       19.254
      16.861        0.000        8.863       19.254
      16.962        0.000        8.863       19.254
      17.062        0.000        8.863       19.254
      17.162        0.000        8.863       19.254
      17.263        0.000        8.863       19.254
      17.363        0.000        8.863       19.254
      17.464        0.000        8.863       19.254
      17.564        0.000        8.863       19.254
      17.664        0.000        8.863       19.254
      17.765        0.000        8.863       19.254
      17.865        0.000        8.863       19.254
      17.965        0.000        8.863       19.254
      18.066        0.000        8.863       19.254
      18.166        0.000        8.863       19.254
      18.266       19.900        8.863       19.254
      18.367       49.800        8.863       19.254
      18.467       99.600       10.488       20.863
      18.567       89.600       10.738       21.277
      18.668       99.600       10.738       21.277
      18.768       29.900        9.660       19.840
      18.869        0.000        9.660       19.840
      18.969        0.000        9.660       19.840
      19.070        0.000        9.660       19.840
      19.170        0.000        9.660       19.840
      19.270        0.000        9.660       19.840
      19.371        0.000        9.660       19.840
      19.471        0.000        9.660       19.840
      19.572        0.000        9.660       19.840
      19.672        0.000        9.660       19.840
      19.773        0.000        9.660       19.840
      19.873        0.000        9.660       19.840
      19.973        0.000        9.660       19.840
      20.074        0.000        9.660       19.840
      20.174        0.000        9.660       19.840
      20.274        0.000        9.660       19.840
      20.375        0.000        9.660       19.840
      20.475        0.000        9.660       19.840
      20.575        0.000        9.660       19.840
      20.676        0.000        9.660       19.840
      20.776        0.000        9.660       19.840
      20.876        0.000        9.660       19.840
      20.976        0.000        9.660       19.840
      21.077        0.000        9.660       19.840
      21.177        0.000        9.660       19.840
      21.277        0.000        9.660       19.840
      21.378        0.000        9.660       19.840
      21.478        0.000        9.660       19.840
      21.578        0.000        9.660       19.840
      21.678        0.000        9.660       19.840
      21.779        0.000        9.660       19.840
      21.879        0.000        9.660       19.840
      21.979        0.000        9.660       19.840
      22.080        0.000        9.660       19.840
      22.180        0.000        9.660       19.840
      22.280        0.000        9.660       19.840
      22.381        0.000        9.660       19.840
      22.481        0.000        9.660       19.840
      22.581        0.000        9.660       19.840
      22.682        0.000        9.660       19.840
      22.782        0.000        9.660       19.840
      22.882        0.000        9.660       19.840
      22.982        0.000        9.660       19.840
      23.083        0.000        9.660       19.840
      23.183        0.000        9.660       19.840
      23.283        0.000        9.660       19.840
      23.384        0.000        9.660       19.840
      23.484        0.000        9.660       19.840
      23.584        0.000        9.660       19.840
      23.684        0.000        9.660       19.840
      23.785        0.000        9.660       19.840
      23.885        0.000        9.660       19.840
      23.985        0.000        9.660       19.840
      24.086       19.900        9.660       19.840
      24.186       49.800        9.660       19.840
      24.286       49.800        9.660       19.840
      24.387       29.900        9.660       19.840
      24.487       59.700        9.125       19.305
      24.588       59.700        9.125       19.305
      24.688       19.900        9.125       19.305
      24.789        0.000        9.125       19.305
      24.889       10.000        9.125       19.305
      24.990       19.900        9.125       19.305
      25.090        0.000        9.125       19.305
      25.190        0.000        9.125       19.305
      25.291        0.000        9.125       19.305
      25.391        0.000        9.125       19.305
      25.491        0.000        9.125       19.305
      25.592        0.000        9.125       19.305
      25.692        0.000        9.125       19.305
      25.792        0.000        9.125       19.305
      25.892        0.000        9.125       19.305
      25.993        0.000        9.125       19.305
      26.093        0.000        9.125       19.305
      26.193        0.000        9.125       19.305
      26.294        0.000        9.125       19.305
      26.394        0.000        9.125       19.305
      26.494        0.000        9.125       19.305
      26.595        0.000        9.125       19.305
      26.695        0.000        9.125       19.305
      26.796        0.000        9.125       19.305
      26.896        0.000        9.125       19.305
      26.996        0.000        9.125       19.305
      27.096        0.000        9.125       19.305
      27.197        0.000        9.125       19.305
      27.297        0.000        9.125       19.305
      27.398        0.000        9.125       19.305
      27.498        0.000        9.125       19.305
      27.598       10.000        9.125       19.305
      27.698       49.800        9.125       19.305
      27.799       99.600       10.750       21.289
      27.899       99.700       10.750       21.289
      28.000       99.600       10.750       21.289
      28.100        0.000       10.750       21.289
      28.200        0.000       10.750       21.289
      28.301        0.000       10.750       21.289
      28.401        0.000       10.750       21.289
      28.501        0.000       10.750       21.289
      28.602        0.000       10.750       21.289
      28.702        0.000       10.750       21.289
      28.803        0.000       10.750       21.289
      28.903        0.000       10.750       21.289
      29.003        0.000       10.750       21.289
      29.104        0.000       10.750       21.289
      29.204        0.000       10.750       21.289
      29.304        0.000       10.750       21.289
      29.405        0.000       10.750       21.289
      29.505        0.000       10.750       21.289
      29.605        0.000       10.750       21.289
      29.706        0.000       10.750       21.289
      29.806        0.000       10.750       21.289
      29.907        0.000       10.750       21.289
      30.007        0.000       10.750       21.289
      30.107        0.000       10.750       21.289
      30.207        0.000       10.750       21.289
      30.308        0.000       10.750       21.289
      30.408        0.000       10.750       21.289
      30.508        0.000       10.750       21.289
      30.609        0.000       10.750       21.289
      30.709        0.000       10.750       21.289
      30.809        0.000       10.750       21.289
      30.910        0.000       10.750       21.289
      31.010        0.000       10.750       21.289
      31.110        0.000       10.750       21.289
      31.210        0.000       10.750       21.289
      31.311        0.000       10.750       21.289
      31.411        0.000       10.750       21.289
      31.511        0.000       10.750       21.289
      31.612        0.000       10.750       21.289
      31.712        0.000       10.750       21.289
      31.812        0.000       10.750       21.289
      31.913        0.000       10.750       21.289
      32.013        0.000       10.750       21.289
      32.113        0.000       10.750       21.289
      32.213        0.000       10.750       21.289
      32.314        0.000       10.750       21.289
      32.414        0.000       10.750       21.289
      32.514        0.000       10.750       21.289
      32.615        0.000       10.750       21.289
      32.715        0.000       10.750       21.289
      32.815        0.000       10.750       21.289
      32.916        0.000       10.750       21.289
      33.016        0.000       10.750       21.289
      33.116        0.000       10.750       21.289
      33.217        0.000       10.750       21.289
      33.317        0.000       10.750       21.289
      33.417        0.000       10.750       21.289
      33.518       29.900       10.559       20.738
      33.623       28.500       10.559       20.738
      33.724        0.000       10.559       20.738
      33.824        0.000       10.559       20.738
      33.924        0.000       10.559       20.738
      34.025        0.000       10.559       20.738
      34.125        0.000       10.559       20.738
      34.225        0.000       10.559       20.738
      34.326        0.000       10.559       20.738
      34.426        0.000       10.559       20.738
      34.526        0.000       10.559       20.738
      34.627        0.000       10.559       20.738
      34.727        0.000       10.559       20.738
      34.827        0.000       10.559       20.738
      34.927        0.000       10.559       20.738
      35.028        0.000       10.559       20.738
      35.128        0.000       10.559       20.738
      35.228        0.000       10.559       20.738
      35.329        0.000       10.559       20.738
      35.429        0.000       10.559       20.738
      35.529        0.000       10.559       20.738
      35.629        0.000       10.559       20.738
      35.730        0.000       10.559       20.738
      35.830        0.000       10.559       20.738
      35.930        0.000       10.559       20.738
      36.031        0.000       10.559       20.738
      36.131        0.000       10.559       20.738
      36.231       10.000       10.559       20.738
      36.332       19.900       10.559       20.738
      36.432       89.700       10.559       20.738
      36.532       89.600       10.809       21.262
      36.633       99.600       10.809       21.262
      36.733       59.700       10.809       21.262
      36.834        0.000       10.809       21.262
      36.934        0.000       10.809       21.262
      37.035        0.000       10.809       21.262
      37.135        0.000       10.809       21.262
      37.235        0.000       10.809       21.262
      37.335        0.000       10.809       21.262
      37.436        0.000       10.809       21.262
      37.536        0.000       10.809       21.262
      37.636        0.000       10.809       21.262
      37.737        0.000       10.809       21.262
      37.837        0.000       10.809       21.262
      37.937        0.000       10.809       21.262
      38.038        0.000       10.809       21.262
      38.138        0.000       10.809       21.262
      38.238        0.000       10.809       21.262
      38.339        0.000       10.809       21.262
      38.439        0.000       10.809       21.262
      38.539        0.000       10.809       21.262
      38.640        0.000       10.809       21.262
      38.740        0.000       10.809       21.262
      38.840        0.000       10.809       21.262
      38.941        0.000       10.809       21.262
      39.041        0.000       10.809       21.262
      39.141        0.000       10.809       21.262
      39.242        0.000       10.809       21.262
      39.342        0.000       10.809       21.262
      39.442        0.000       10.809       21.262
      39.543        0.000       10.809       21.262
      39.643       39.900       10.809       21.262
      39.743       49.800       10.809       21.262
      39.844       49.800        9.223       19.391
      39.944       49.800        9.223       19.391
      40.045       59.800        9.223       19.391
      40.145       49.800        9.223       19.391
      40.245       49.800        9.223       19.391
      40.346        0.000        9.223       19.391
      40.446        0.000        9.223       19.391
      40.546        0.000        9.223       19.391
      40.647        0.000        9.223       19.391
      40.747        0.000        9.223       19.391
      40.847        0.000        9.223       19.391
      40.948        0.000        9.223       19.391
      41.048        0.000        9.223       19.391
      41.148        0.000        9.223       19.391
      41.248        0.000        9.223       19.391
      41.349        0.000        9.223       19.391
      41.449        0.000        9.223       19.391
      41.549        0.000        9.223       19.391
      41.650        0.000        9.223       19.391
      41.750        0.000        9.223       19.391
      41.850        0.000        9.223       19.391
      41.951        0.000        9.223       19.391
      42.051        0.000        9.223       19.391
      42.151        0.000        9.223       19.391
      42.251        0.000        9.223       19.391
      42.352        0.000        9.223       19.391
      42.452        0.000        9.223       19.391
      42.552        0.000        9.223       19.391
      42.653        0.000        9.223       19.391
      42.753        0.000        9.223       19.391
      42.853       10.000        9.223       19.391
      42.954       79.800        9.223       19.391
      43.054       99.700       10.723       21.352
      43.154       89.800       10.723       21.352
      43.254       79.700       10.723       21.352
      43.355        0.000       10.723       21.352
      43.455        0.000       10.723       21.352
      43.555        0.000       10.723       21.352
      43.656        0.000       10.723       21.352
      43.756        0.000       10.723       21.352
      43.856        0.000       10.723       21.352
      43.957        0.000       10.723       21.352
      44.057        0.000       10.723       21.352
      44.157        0.000       10.723       21.352
      44.257        0.000       10.723       21.352
      44.358        0.000       10.723       21.352
      44.458        0.000       10.723       21.352
      44.558        0.000       10.723       21.352
      44.659        0.000       10.723       21.352
      44.759        0.000       10.723       21.352
      44.859        0.000       10.723       21.352
      44.959        0.000       10.723       21.352
      45.060        0.000       10.723       21.352
      45.160        0.000       10.723       21.352
      45.260        0.000       10.723       21.352
      45.361        0.000       10.723       21.352
      45.461        0.000       10.723       21.352
      45.561        0.000       10.723       21.352
      45.661        0.000       10.723       21.352
      45.762        0.000       10.723       21.352
      45.862        0.000       10.723       21.352
      45.962        0.000       10.723       21.352
      46.063        0.000       10.723       21.352
      46.163       10.000        9.641       19.816
      46.264       59.800        9.641       19.816
      46.364       39.800        9.641       19.816
      46.464       39.900        9.641       19.816
      46.565        0.000        9.641       19.816
      46.665        0.000        9.641       19.816
      46.765        0.000        9.641       19.816
      46.866        0.000        9.641       19.816
      46.966        0.000        9.641       19.816
      47.066        0.000        9.641       19.816
      47.167        0.000        9.641       19.816
      47.267        0.000        9.641       19.816
      47.367        0.000        9.641       19.816
      47.467        0.000        9.641       19.816
      47.568        0.000        9.641       19.816
      47.668        0.000        9.641       19.816
      47.768        0.000        9.641       19.816
      47.869        0.000        9.641       19.816
      47.969        0.000        9.641       19.816
      48.069        0.000        9.641       19.816
      48.170        0.000        9.641       19.816
      48.270        0.000        9.641       19.816
      48.370        0.000        9.641       19.816
      48.471        0.000        9.641       19.816
      48.571        0.000        9.641       19.816
      48.671        0.000        9.641       19.816
      48.772        0.000        9.641       19.816
      48.872        0.000        9.641       19.816
      48.972        0.000        9.641       19.816
      49.073       10.000        9.641       19.816
      49.173       69.800        9.641       19.816
      49.273       99.600       10.766       21.309
      49.374       99.600       10.766       21.309
      49.474       89.700       10.766       21.309
      49.575       39.900       10.500       20.637
      49.675        0.000       10.500       20.637
      49.775        0.000       10.500       20.637
      49.876        0.000       10.500       20.637
      49.976        0.000       10.500       20.637
      50.076        0.000       10.500       20.637
      50.177        0.000       10.500       20.637
      50.277        0.000       10.500       20.637
      50.377        0.000       10.500       20.637
      50.478        0.000       10.500       20.637
      50.578        0.000       10.500       20.637
      50.678        0.000       10.500       20.637
      50.779        0.000       10.500       20.637
      50.879        0.000       10.500       20.637
      50.979        0.000       10.500       20.637
      51.079        0.000       10.500       20.637
      51.180        0.000       10.500       20.637
      51.280        0.000       10.500       20.637
      51.380        0.000       10.500       20.637
      51.481        0.000       10.500       20.637
      51.581        0.000       10.500       20.637
      51.681        0.000       10.500       20.637
      51.782        0.000       10.500       20.637
      51.882        0.000       10.500       20.637
      51.982        0.000       10.500       20.637
      52.082        0.000       10.500       20.637
      52.183        0.000       10.500       20.637
      52.283        0.000       10.500       20.637
      52.383        0.000       10.500       20.637
      52.484       49.800       10.500       20.637
      52.584       59.800       10.500       20.637
      52.684       49.800       10.500       20.637
      52.785        0.000       10.500       20.637
      52.885        0.000       10.500       20.637
      52.985        0.000       10.500       20.637
      53.086        0.000       10.500       20.637
      53.186        0.000       10.500       20.637
      53.286        0.000       10.500       20.637
      53.387        0.000       10.500       20.637
      53.487        0.000       10.500       20.637
      53.587        0.000       10.500       20.637
      53.688        0.000       10.500       20.637
      53.788        0.000       10.500       20.637
      53.888        0.000       10.500       20.637
      53.989        0.000       10.500       20.637
      54.089        0.000       10.500       20.637
      54.189        0.000       10.500       20.637
      54.289        0.000       10.500       20.637
      54.390        0.000       10.500       20.637
      54.490        0.000       10.500       20.637
      54.591        0.000       10.500       20.637
      54.691        0.000       10.500       20.637
      54.791        0.000       10.500       20.637
      54.892        0.000       10.500       20.637
      54.992        0.000       10.500       20.637
      55.092        0.000       10.500       20.637
      55.193        0.000       10.500       20.637
      55.293       19.900       10.500       20.637
      55.393       29.900       10.500       20.637
      55.494       99.600       10.500       20.637
      55.594       99.600       10.875       21.320
      55.694       99.700       10.875       21.320
      55.795       49.800       10.875       21.320
      55.895        0.000       10.875       21.320
      55.996        0.000       10.875       21.320
      56.096        0.000       10.875       21.320
      56.196        0.000       10.875       21.320
      56.297        0.000       10.875       21.320
      56.397        0.000       10.875       21.320
      56.497        0.000       10.875       21.320
      56.598        0.000       10.875       21.320
      56.698        0.000       10.875       21.320
      56.798        0.000       10.875       21.320
      56.899        0.000       10.875       21.320
      56.999        0.000       10.875       21.320
      57.099        0.000       10.875       21.320
      57.200        0.000       10.875       21.320
      57.300        0.000       10.875       21.320
      57.400        0.000       10.875       21.320
      57.501        0.000       10.875       21.320
      57.601        0.000       10.875       21.320
      57.701        0.000       10.875       21.320
      57.801        0.000       10.875       21.320
      57.902        0.000       10.875       21.320
      58.002        0.000       10.875       21.320
      58.103        0.000       10.875       21.320
      58.203        0.000       10.875       21.320
      58.303        0.000       10.875       21.320
      58.404        0.000       10.875       21.320
      58.504        0.000       10.875       21.320
      58.604        0.000       10.875       21.320
      58.705        0.000       10.875       21.320
      58.805        0.000       10.875       21.320
      58.905        0.000       10.875       21.320
      59.006        0.000       10.875       21.320
      59.106        0.000       10.875       21.320
      59.207        0.000       10.875       21.320
      59.307        0.000       10.875       21.320
      59.407        0.000       10.875       21.320
      59.508        0.000       10.875       21.320
      59.608        0.000       10.875       21.320
      59.709        0.000       10.875       21.320
      59.809        0.000       10.875       21.320
      59.909        0.000       10.875       21.320
      60.010        0.000       10.875       21.320
      60.110        0.000       10.875       21.320
      60.211        0.000       10.875       21.320
      60.311        0.000       10.875       21.320
      60.411        0.000       10.875       21.320
      60.512        0.000       10.875       21.320
      60.612        0.000       10.875       21.320
      60.713        0.000       10.875       21.320
      60.813        0.000       10.875       21.320
      60.914        0.000       10.875       21.320
      61.014        0.000       10.875       21.320
      61.114        0.000       10.875       21.320
      61.215       39.800       10.012       20.152
      61.315       29.900       10.012       20.152
      61.415       39.800       10.012       20.152
      61.516       49.800       10.012       20.152
      61.616       59.800       10.012       20.152
      61.716       39.900       10.012       20.152
      61.817        0.000       10.012       20.152
      61.917        0.000       10.012       20.152
      62.017       19.900       10.012       20.152
      62.118        0.000       10.012       20.152
      62.218        0.000       10.012       20.152
      62.318        0.000       10.012       20.152
      62.419        0.000       10.012       20.152
      62.519        0.000       10.012       20.152
      62.619        0.000       10.012       20.152
      62.719        0.000       10.012       20.152
      62.820        0.000       10.012       20.152
      62.920        0.000       10.012       20.152
      63.020        0.000       10.012       20.152
      63.121        0.000       10.012       20.152
      63.221        0.000       10.012       20.152
      63.321        0.000       10.012       20.152
      63.422        0.000       10.012       20.152
      63.522        0.000       10.012       20.152
      63.622        0.000       10.012       20.152
      63.722        0.000       10.012       20.152
      63.823        0.000       10.012       20.152
      63.923        0.000       10.012       20.152
      64.023        0.000       10.012       20.152
      64.124        0.000       10.012       20.152
      64.224        0.000       10.012       20.152
      64.324        0.000       10.012       20.152
      64.424        0.000       10.012       20.152
      64.525        0.000       10.012       20.152
      64.625       10.000       10.012       20.152
      64.725       10.000       10.012       20.152
      64.826        0.000       10.012       20.152
      64.926        0.000       10.012       20.152
      65.026       79.700       10.012       20.152
      65.127       99.600       10.887       21.371
      65.227       99.600       10.887       21.371
      65.328       89.700       10.887       21.371
      65.428        0.000       10.887       21.371
      65.528        0.000       10.887       21.371
      65.629        0.000       10.887       21.371
      65.729        0.000       10.887       21.371
      65.829        0.000       10.887       21.371
      65.929        0.000       10.887       21.371
      66.030        0.000       10.887       21.371
      66.130        0.000       10.887       21.371
      66.230        0.000       10.887       21.371
      66.331        0.000       10.887       21.371
      66.431        0.000       10.887       21.371
      66.531        0.000       10.887       21.371
      66.632        0.000       10.887       21.371
      66.732        0.000       10.887       21.371
      66.833        0.000       10.887       21.371
      66.933        0.000       10.887       21.371
      67.033        0.000       10.887       21.371
      67.134        0.000       10.887       21.371
      67.234        0.000       10.887       21.371
      67.334        0.000       10.887       21.371
      67.435        0.000       10.887       21.371
      67.535        0.000       10.887       21.371
      67.635        0.000       10.887       21.371
      67.736        0.000       10.887       21.371
      67.836        0.000       10.887       21.371
      67.936        0.000       10.887       21.371
      68.037        0.000       10.887       21.371
      68.137        0.000       10.887       21.371
      68.237        0.000       10.887       21.371
      68.338        0.000       10.887       21.371
      68.438        0.000       10.887       21.371
      68.538        0.000       10.887       21.371
      68.639        0.000       10.887       21.371
      68.739        0.000       10.887       21.371
      68.839        0.000       10.887       21.371
      68.940        0.000       10.887       21.371
      69.040        0.000       10.887       21.371
      69.141        0.000       10.887       21.371
      69.241        0.000       10.887       21.371
      69.341        0.000       10.887       21.371
      69.441        0.000       10.887       21.371
      69.542        0.000       10.887       21.371
      69.642        0.000       10.887       21.371
      69.742        0.000       10.887       21.371
      69.843        0.000       10.887       21.371
      69.943        0.000       10.887       21.371
      70.043        0.000       10.887       21.371
      70.144        0.000       10.887       21.371
      70.244        0.000       10.887       21.371
      70.345        0.000       10.887       21.371
      70.445        0.000       10.887       21.371
      70.545        0.000       10.887       21.371
      70.645        0.000       10.887       21.371
      70.746        0.000       10.887       21.371
      70.846        0.000       10.887       21.371
      70.946        0.000       10.887       21.371
      71.047        0.000       10.887       21.371
      71.147        0.000       10.887       21.371
      71.247        0.000       10.887       21.371
      71.348        0.000       10.887       21.371
      71.448        0.000       10.887       21.371
      71.548        0.000       10.887       21.371
      71.649        0.000       10.887       21.371
      71.749        0.000       10.887       21.371
      71.849        0.000       10.887       21.371
      71.950        0.000       10.887       21.371
      72.050        0.000       10.887       21.371
      72.150        0.000       10.887       21.371
      72.251        0.000       10.887       21.371
      72.351        0.000       10.887       21.371
      72.451        0.000       10.887       21.371
      72.552        0.000       10.887       21.371
      72.652        0.000       10.887       21.371
      72.752        0.000       10.887       21.371
      72.853        0.000       10.887       21.371
      72.953        0.000       10.887       21.371
      73.053        0.000       10.887       21.371
      73.153        0.000       10.887       21.371
      73.254        0.000       10.887       21.371
      73.354       59.800       10.887       21.371
      73.455       89.700       10.887       21.371
      73.555       99.600       10.887       21.371
      73.655       19.900       10.887       21.371
      73.756        0.000       10.887       21.371
      73.856        0.000       10.887       21.371
      73.956        0.000       10.887       21.371
      74.057        0.000       10.887       21.371
      74.157        0.000       10.887       21.371
      74.257        0.000       10.887       21.371
      74.358        0.000       10.887       21.371
      74.458        0.000       10.887       21.371
      74.558        0.000       10.887       21.371
      74.659        0.000       10.887       21.371
      74.759        0.000       10.887       21.371
      74.859        0.000       10.887       21.371
      74.960        0.000       10.887       21.371
      75.060        0.000       10.887       21.371
      75.160        0.000       10.887       21.371
      75.261        0.000       10.887       21.371
      75.361        0.000       10.887       21.371
      75.461        0.000       10.887       21.371
      75.562        0.000       10.887       21.371
      75.662        0.000       10.887       21.371
      75.762        0.000       10.887       21.371
      75.863        0.000       10.887       21.371
      75.963        0.000       10.887       21.371
      76.063        0.000       10.887       21.371
      76.164        0.000       10.887       21.371
      76.264        0.000       10.887       21.371
      76.364        0.000       10.887       21.371
      76.465        0.000       10.887       21.371
      76.565        0.000       10.887       21.371
      76.665       19.900       10.887       21.371
      76.766       79.700       10.887       21.371
      76.866       89.600       10.887       21.371
      76.966      109.600       10.758       20.789
      77.067       69.800       10.254       20.258
      77.167        0.000       10.254       20.258
      77.267        0.000       10.254       20.258
      77.368        0.000       10.254       20.258
      77.468        0.000       10.254       20.258
      77.569        0.000       10.254       20.258
      77.669        0.000       10.254       20.258
      77.769        0.000       10.254       20.258
      77.870        0.000       10.254       20.258
      77.970        0.000       10.254       20.258
      78.071        0.000       10.254       20.258
      78.171        0.000       10.254       20.258
      78.271        0.000       10.254       20.258
      78.372        0.000       10.254       20.258
      78.472        0.000       10.254       20.258
      78.573        0.000       10.254       20.258
      78.673        0.000       10.254       20.258
      78.773        0.000       10.254       20.258
      78.874        0.000       10.254       20.258
      78.974        0.000       10.254       20.258
      79.075        0.000       10.254       20.258
      79.175        0.000       10.254       20.258
      79.275        0.000       10.254       20.258
      79.376        0.000       10.254       20.258
      79.476        0.000       10.254       20.258
      79.576        0.000       10.254       20.258
      79.676        0.000       10.254       20.258
      79.777        0.000       10.254       20.258
      79.877        0.000       10.254       20.258
      79.977        0.000       10.254       20.258
      80.078       19.900        9.758       19.762
      80.178       39.900        9.758       19.762
      80.278       29.900        9.758       19.762
      80.379       49.800        9.758       19.762
      80.479       49.800        9.758       19.762
      80.579       59.800        9.758       19.762
      80.680       39.900        9.758       19.762
      80.780       29.900        9.758       19.762
      80.880        0.000        9.758       19.762
      80.981        0.000        9.758       19.762
      81.081        0.000        9.758       19.762
      81.182        0.000        9.758       19.762
      81.282        0.000        9.758       19.762
      81.382        0.000        9.758       19.762
      81.483        0.000        9.758       19.762
      81.583        0.000        9.758       19.762
      81.684        0.000        9.758       19.762
      81.784        0.000        9.758       19.762
      81.885        0.000        9.758       19.762
      81.985        0.000        9.758       19.762
      82.085        0.000        9.758       19.762
      82.186        0.000        9.758       19.762
      82.286        0.000        9.758       19.762
      82.387        0.000        9.758       19.762
      82.487        0.000        9.758       19.762
      82.587        0.000        9.758       19.762
      82.688        0.000        9.758       19.762
      82.788        0.000        9.758       19.762
      82.889        0.000        9.758       19.762
      82.989        0.000        9.758       19.762
      83.089        0.000        9.758       19.762
      83.190        0.000        9.758       19.762
      83.290        0.000        9.758       19.762
      83.390       10.000        9.758       19.762
      83.490       29.900        9.758       19.762
      83.591       99.700        9.883       20.312
      83.691       99.600       10.883       21.309
      83.792       99.600       10.883       21.309
      83.892       69.700       10.883       21.309
      83.992        0.000       10.883       21.309
      84.092        0.000       10.883       21.309
      84.193        0.000       10.883       21.309
      84.293        0.000       10.883       21.309
      84.393        0.000       10.883       21.309
      84.494        0.000       10.883       21.309
      84.594        0.000       10.883       21.309
      84.694        0.000       10.883       21.309
      84.794        0.000       10.883       21.309
      84.895        0.000       10.883       21.309
      84.995        0.000       10.883       21.309
      85.095        0.000       10.883       21.309
      85.196        0.000       10.883       21.309
      85.296        0.000       10.883       21.309
      85.396        0.000       10.883       21.309
      85.497        0.000       10.883       21.309
      85.597        0.000       10.883       21.309
      85.697        0.000       10.883       21.309
      85.797        0.000       10.883       21.309
      85.898        0.000       10.883       21.309
      85.998        0.000       10.883       21.309
      86.098        0.000       10.883       21.309
      86.199        0.000       10.883       21.309
      86.299        0.000       10.883       21.309
      86.399        0.000       10.883       21.309
      86.500        0.000       10.883       21.309
      86.600        0.000       10.883       21.309
      86.700        0.000       10.883       21.309
      86.801        0.000       10.883       21.309
      86.901       19.900       10.883       21.309
      87.002       39.800       10.883       21.309
      87.102       49.800       10.883       21.309
      87.202       49.800       10.883       21.309
      87.302       39.900       10.883       21.309
      87.403        0.000       10.883       21.309
      87.503        0.000       10.883       21.309
      87.604        0.000       10.883       21.309
      87.704        0.000       10.883       21.309
      87.805        0.000       10.883       21.309
      87.905        0.000       10.883       21.309
      88.005        0.000       10.883       21.309
      88.106        0.000       10.883       21.309
      88.206        0.000       10.883       21.309
      88.306        0.000       10.883       21.309
      88.407        0.000       10.883       21.309
      88.507        0.000       10.883       21.309
      88.607        0.000       10.883       21.309
      88.708        0.000       10.883       21.309
      88.808        0.000       10.883       21.309
      88.908        0.000       10.883       21.309
      89.008        0.000       10.883       21.309
      89.109        0.000       10.883       21.309
      89.209        0.000       10.883       21.309
      89.309        0.000       10.883       21.309
      89.410        0.000       10.883       21.309
      89.510        0.000       10.883       21.309
      89.610        0.000       10.883       21.309
      89.711        0.000       10.883       21.309
      89.811        0.000       10.883       21.309
      89.911       19.900       10.883       21.309
      90.011       79.700       10.883       21.309
      90.112       99.600       10.883       21.309
      90.212       99.700       10.883       20.906
      90.313       99.700       10.883       20.906
      90.413        0.000        9.973       19.996
      90.513        0.000        9.973       19.996
      90.613        0.000        9.973       19.996
      90.714        0.000        9.973       19.996
      90.814        0.000        9.973       19.996
      90.914        0.000        9.973       19.996
      91.015        0.000        9.973       19.996
      91.115        0.000        9.973       19.996
      91.215        0.000        9.973       19.996
      91.316        0.000        9.973       19.996
      91.416        0.000        9.973       19.996
      91.517        0.000        9.973       19.996
      91.617        0.000        9.973       19.996
      91.717        0.000        9.973       19.996
      91.818        0.000        9.973       19.996
      91.918        0.000        9.973       19.996
      92.019        0.000        9.973       19.996
      92.119        0.000        9.973       19.996
      92.219        0.000        9.973       19.996
      92.320        0.000        9.973       19.996
      92.420        0.000        9.973       19.996
      92.521        0.000        9.973       19.996
      92.621        0.000        9.973       19.996
      92.721        0.000        9.973       19.996
      92.822        0.000        9.973       19.996
      92.922        0.000        9.973       19.996
      93.023        0.000        9.973       19.996
      93.123        0.000        9.973       19.996
      93.223        0.000        9.973       19.996
      93.324        0.000        9.973       19.996
      93.424        0.000        9.973       19.996
      93.525        0.000        9.973       19.996
      93.625        0.000        9.973       19.996
      93.725        0.000        9.973       19.996
      93.826        0.000        9.973       19.996
      93.926        0.000        9.973       19.996
      94.027        0.000        9.973       19.996
      94.127        0.000        9.973       19.996
      94.228        0.000        9.973       19.996
      94.328        0.000        9.973       19.996
      94.428        0.000        9.973       19.996
      94.529        0.000        9.973       19.996
      94.629        0.000        9.973       19.996
      94.730        0.000        9.973       19.996
      94.830        0.000        9.973       19.996
      94.930        0.000        9.973       19.996
      95.031        0.000        9.973       19.996
      95.131        0.000        9.973       19.996
      95.232        0.000        9.973       19.996
      95.332        0.000        9.973       19.996
      95.432        0.000        9.973       19.996
      95.533        0.000        9.973       19.996
      95.633        0.000        9.973       19.996
      95.734        0.000        9.973       19.996
      95.834        0.000        9.973       19.996
      95.934        0.000        9.973       19.996
      96.035        0.000        9.973       19.996
      96.135        0.000        9.973       19.996
      96.236        0.000        9.973       19.996
      96.336        0.000        9.973       19.996
      96.436        0.000        9.973       19.996
      96.537        0.000        9.973       19.996
      96.637        0.000        9.973       19.996
      96.738        0.000        9.973       19.996
      96.838        0.000        9.973       19.996
      96.938        0.000        9.973       19.996
      97.039        0.000        9.973       19.996
      97.139        0.000        9.973       19.996
      97.240        0.000        9.973       19.996
      97.340        0.000        9.973       19.996
      97.440        0.000        9.973       19.996
      97.541        0.000        9.973       19.996
      97.641        0.000        9.973       19.996
      97.742        0.000        9.973       19.996
      97.842        0.000        9.973       19.996
      97.942        0.000        9.973       19.996
      98.042        0.000        9.973       19.996
      98.143        0.000        9.973       19.996
      98.243        0.000        9.973       19.996
      98.343       29.900        9.973       19.996
      98.444       39.900        9.973       19.996
      98.544       49.800        9.973       19.996
      98.644       49.900        9.973       19.996
      98.745       49.800        9.973       19.996
      98.845       59.800        9.973       19.996
      98.945       49.800        9.973       19.996
      99.046       49.800        9.973       19.996
      99.146       49.800        9.973       19.996
      99.246       49.800        9.973       19.996
      99.347       49.800        9.973       19.996
      99.447       19.900        9.973       19.996
      99.547        0.000        9.973       19.996
      99.648        0.000        9.973       19.996
      99.748        0.000        9.973       19.996
      99.848        0.000        9.973       19.996
      99.949        0.000        9.973       19.996
