# Elapsed time   CPU (%)     Real (MB)   Virtual (MB)
       0.000        0.000        5.480       16.480
       0.100        0.000        5.480       16.480
       0.201        0.000        5.480       16.480
       0.301        0.000        5.480       16.480
       0.402        0.000        5.480       16.480
       0.502        0.000        5.480       16.480
       0.603        0.000        5.480       16.480
       0.703        0.000        5.480       16.480
       0.804        0.000        5.480       16.480
       0.905        0.000        5.480       16.480
       1.007        0.000        6.355       17.285
       1.107       29.800        6.355       16.480
       1.208        0.000        6.355       16.480
       1.308        0.000        6.355       16.480
       1.408        0.000        6.355       16.480
       1.509        0.000        6.355       16.480
       1.609        0.000        6.355       16.480
       1.709        0.000        6.355       16.480
       1.810        0.000        6.355       16.480
       1.910        0.000        6.355       16.480
       2.011       19.900        6.461       17.273
       2.111       10.000        6.336       16.730
       2.211        0.000        6.336       16.730
       2.312        0.000        6.336       16.730
       2.412        0.000        6.336       16.730
       2.512        0.000        6.336       16.730
       2.613        0.000        6.336       16.730
       2.713        0.000        6.336       16.730
       2.813        0.000        6.336       16.730
       2.914        0.000        6.336       16.730
       3.014       19.900        6.586       17.234
       3.115       29.800        6.426       16.730
       3.215        0.000        6.426       16.730
       3.316        0.000        6.426       16.730
       3.416        0.000        6.426       16.730
       3.516        0.000        6.426       16.730
       3.617       29.900        6.426       16.730
       3.717       10.000        6.426       16.730
       3.817        0.000        6.426       16.730
       3.918        0.000        6.426       16.730
       4.018       19.900        6.422       16.988
       4.119       29.900        6.422       16.480
       4.219        0.000        6.422       16.480
       4.320        0.000        6.422       16.480
       4.420        0.000        6.422       16.480
       4.521        0.000        6.422       16.730
       4.621       39.900        6.422       16.730
       4.722        0.000        6.422       16.730
       4.822        0.000        6.422       16.730
       4.922        0.000        6.422       16.730
       5.022       19.900        6.422       16.730
       5.123       19.900        6.422       16.730
       5.223        0.000        6.422       16.730
       5.324        0.000        6.422       16.730
       5.424        0.000        6.422       16.730
       5.524        0.000        6.422       16.730
       5.625       39.900        6.422       16.730
       5.725        0.000        6.422       16.730
       5.825        0.000        6.422       16.730
       5.926        0.000        6.422       16.730
       6.026       19.900        6.418       16.988
       6.126       39.900        6.418       16.480
       6.227       19.900        6.418       16.730
       6.327        0.000        6.418       16.730
       6.427        0.000        6.418       16.730
       6.528        0.000        6.418       16.730
       6.629       29.800        6.418       16.730
       6.729        0.000        6.418       16.730
       6.830        0.000        6.418       16.730
       6.930        0.000        6.418       16.730
       7.031       39.800        6.418       16.988
       7.131       39.800        6.543       16.730
       7.232       10.000        6.543       16.730
       7.332        0.000        6.543       16.730
       7.433        0.000        6.543       16.730
       7.533        0.000        6.543       16.730
       7.633       29.900        6.543       16.742
       7.734       10.000        6.543       16.742
       7.834        0.000        6.543       16.742
       7.935        0.000        6.543       16.742
       8.036       29.800        6.543       16.730
       8.136       29.900        6.543       16.730
       8.237       10.000        6.543       16.730
       8.337        0.000        6.543       16.730
       8.438        0.000        6.543       16.730
       8.538       10.000        6.543       16.730
       8.639       39.800        6.543       16.730
       8.739       19.900        6.543       16.730
       8.840       10.000        6.543       16.730
       8.940        0.000        6.543       16.730
       9.041       39.700        6.668       17.266
       9.141       19.900        6.543       16.730
       9.242       19.900        6.543       16.730
       9.342        0.000        6.543       16.730
       9.442        0.000        6.543       16.730
       9.543       10.000        6.543       16.730
       9.643       49.800        6.543       16.730
       9.744       29.900        6.543       16.730
       9.844        0.000        6.543       16.730
       9.945        0.000        6.543       16.730
      10.045       39.800        6.539       16.734
      10.145       19.900        6.539       16.734
      10.246       19.900        5.039       16.730
      10.346        0.000        5.039       16.730
      10.447        0.000        5.039       16.730
      10.547        0.000        5.039       16.730
      10.648       49.700        5.039       16.730
      10.748       19.900        5.039       16.730
      10.849        0.000        5.039       16.730
      10.949        0.000        5.039       16.730
      11.050       49.700        5.039       16.988
      11.150       29.900        5.039       16.730
      11.251       39.800        5.039       16.730
      11.351        0.000        5.039       16.730
      11.451        9.900        5.039       16.730
      11.553        9.900        5.039       16.730
      11.653       39.800        5.039       16.730
      11.754       29.900        5.039       16.730
      11.854        0.000        5.039       16.730
      11.955        0.000        5.039       16.730
      12.055       29.900        5.164       16.816
      12.156       29.900        5.164       16.805
      12.256       39.800        5.164       16.805
      12.356        0.000        5.164       16.805
      12.457        0.000        5.164       16.805
      12.557       10.000        5.164       16.805
      12.658       29.900        5.164       16.805
      12.758       39.800        5.164       16.805
      12.859        0.000        5.164       16.805
      12.959        0.000        5.164       16.805
      13.059       39.800        5.289       16.805
      13.160       39.800        5.289       16.805
      13.260       29.900        5.289       16.805
      13.361        9.900        5.289       16.805
      13.461        0.000        5.289       16.805
      13.562        9.900        5.289       16.805
      13.662       49.800        5.289       16.805
      13.762       29.900        5.289       16.805
      13.863       19.800        5.289       16.805
      13.964       10.000        5.289       16.805
      14.064       39.900        5.289       16.805
      14.164       39.800        5.289       16.805
      14.265       29.900        5.289       16.805
      14.365       10.000        5.289       16.805
      14.466        0.000        5.289       16.805
      14.566        9.900        5.289       16.805
      14.667       39.800        5.289       16.805
      14.767       39.800        5.289       16.805
      14.868       19.900        5.289       16.805
      14.968        0.000        5.289       16.805
      15.069       29.800        5.289       16.555
      15.169       39.800        5.289       16.805
      15.270       19.900        5.289       16.805
      15.370       29.900        5.289       16.805
      15.470        0.000        5.289       16.805
      15.571       10.000        5.289       16.805
      15.671       39.900        5.289       16.805
      15.772       29.900        5.039       16.805
      15.872       19.900        5.039       16.805
      15.972       10.000        5.039       16.805
      16.072       29.900        5.039       16.805
      16.173       39.800        5.039       16.805
      16.273       29.900        5.039       16.805
      16.374       29.900        5.039       16.805
      16.474       19.900        5.039       16.805
      16.575       19.900        5.039       16.805
      16.675       39.900        5.039       16.805
      16.776       39.900        5.039       16.805
      16.878       19.600        5.039       16.805
      16.978        0.000        5.039       16.805
      17.079       49.800        4.973       16.805
      17.179       39.800        4.973       16.805
      17.280       59.800        4.723       16.805
      17.381       49.200        4.723       16.805
      17.482        0.000        4.723       16.805
      17.582       10.000        4.723       16.805
      17.682       59.700        4.723       16.805
      17.783       19.900        4.723       16.805
      17.883       29.900        4.723       16.805
      17.984        0.000        4.723       16.805
      18.084       39.800        4.723       16.805
      18.184       49.600        4.723       16.805
      18.285       39.800        4.723       16.805
      18.386       29.800        4.723       16.805
      18.486       19.900        4.723       16.805
      18.587        9.900        4.723       16.805
      18.687       59.700        4.723       16.805
      18.788       29.900        4.723       16.805
      18.888       39.800        4.723       16.805
      18.989       19.900        4.723       16.805
      19.089       49.800        4.723       16.805
      19.189       39.900        4.848       16.805
      19.290       39.800        4.848       16.805
      19.390       19.900        4.848       16.805
      19.490       10.000        4.848       16.805
      19.591       19.900        4.848       16.805
      19.691       39.900        4.848       16.805
      19.791       39.800        4.848       16.805
      19.892       49.800        4.848       16.805
      19.993       10.000        4.848       16.805
      20.093       49.800        4.848       16.805
      20.193       39.800        4.848       17.055
      20.294       39.800        4.848       16.805
      20.394       29.900        4.848       16.805
      20.494       10.000        4.848       16.805
      20.596        9.900        4.848       16.805
      20.696       59.800        4.848       16.805
      20.796       49.800        4.848       16.805
      20.897       29.800        4.848       16.805
      20.997       19.900        4.848       16.805
      21.098        0.000        4.848       16.805
      21.198       39.900        4.848       16.805
      21.298       39.900        4.848       16.805
      21.399       39.800        4.848       16.805
      21.499       19.900        4.848       16.805
      21.600       19.900        4.848       16.805
      21.700       39.800        4.848       16.805
      21.801       49.700        4.848       16.805
      21.901       39.600        4.848       16.805
      22.002        9.900        4.848       16.805
      22.103        9.900        4.848       16.805
      22.204       29.800        4.848       16.805
      22.304       39.800        4.848       16.805
      22.404       49.800        4.848       16.805
      22.505       19.900        4.848       16.805
      22.605       19.900        4.848       16.805
      22.706       29.900        4.848       16.805
      22.806       49.800        4.848       16.805
      22.907       29.900        4.848       16.805
      23.007       19.900        4.848       16.805
      23.107       10.000        4.848       16.805
      23.208       39.800        4.848       16.805
      23.308       39.700        4.848       16.805
      23.409       39.800        4.848       16.805
      23.509       19.900        4.848       16.805
      23.610       10.000        4.848       16.805
      23.710       19.900        4.848       16.805
      23.811       49.700        4.848       16.805
      23.911       39.700        4.848       16.805
      24.012       19.900        4.848       16.805
      24.112       29.900        4.848       16.805
      24.213       39.700        4.848       16.805
      24.314       49.700        4.848       16.805
      24.414       39.800        4.848       16.805
      24.514       19.900        4.848       16.805
      24.615       10.000        4.848       16.805
      24.715       19.900        4.848       16.805
      24.816       29.800        4.848       16.805
      24.917       69.500        4.848       16.805
      25.017       19.800        4.848       16.805
      25.118        9.900        4.848       16.805
      25.219       49.700        4.688       16.805
      25.319       39.800        4.688       16.805
      25.420       39.800        4.688       16.805
      25.520       10.000        4.688       16.805
      25.620       10.000        4.688       16.805
      25.721       19.900        4.688       16.805
      25.821       49.800        4.688       16.805
      25.922       49.800        4.688       16.805
      26.022       29.900        4.688       16.805
      26.122       10.000        4.688       16.805
      26.223       19.900        4.688       16.805
      26.324       19.900        4.688       16.805
      26.424       49.800        4.688       16.805
      26.524       19.900        4.562       16.805
      26.625       39.800        4.562       17.055
      26.725       29.900        4.562       16.805
      26.826       29.900        4.562       17.055
      26.926       39.800        4.562       16.805
      27.027       29.900        4.562       16.805
      27.127       19.900        4.562       16.805
      27.228       19.900        4.562       16.805
      27.328       29.900        4.688       16.805
      27.429       49.800        4.688       16.805
      27.529       39.800        4.688       16.805
      27.630       19.900        4.688       16.805
      27.730       19.900        4.688       17.055
      27.830       49.800        4.688       16.805
      27.931       49.500        4.688       16.805
      28.032       29.900        4.688       16.805
      28.133       19.800        4.688       16.805
      28.233       10.000        4.688       16.805
      28.334       39.800        4.688       16.805
      28.434       39.800        4.688       16.805
      28.535       39.700        4.688       16.805
      28.636       29.800        4.688       16.805
      28.736       19.900        4.688       16.805
      28.837       10.000        4.688       16.805
      28.937       49.500        4.688       16.805
      29.038       29.900        4.688       16.805
      29.138       29.900        4.688       16.805
      29.239       29.900        4.688       16.805
      29.339       29.900        4.688       16.805
      29.439       49.800        4.688       16.805
      29.540       29.900        4.688       16.805
      29.640       19.900        4.688       16.805
      29.741       19.900        4.688       16.805
      29.841       19.900        4.688       16.805
      29.941       29.900        4.688       16.805
      30.042       49.800        4.688       16.805
      30.142       29.900        4.656       16.805
      30.243       19.900        4.656       16.805
      30.343       39.800        4.656       16.805
      30.444       39.800        4.781       16.555
      30.544       49.800        4.781       16.805
      30.644       19.900        4.781       16.805
      30.745       10.000        4.781       16.805
      30.846       29.800        4.781       16.805
      30.946       29.900        4.781       16.805
      31.046       49.800        4.781       16.805
      31.147       29.900        4.781       16.805
      31.247       19.900        4.781       16.805
      31.348        9.900        4.781       16.805
      31.448       39.800        4.781       16.805
      31.549       39.800        4.781       16.805
      31.649       29.900        4.781       16.805
      31.749       29.900        4.781       16.805
      31.850       39.800        4.781       16.805
      31.950       29.800        4.781       16.805
      32.051       49.800        4.781       16.805
      32.151       29.900        4.781       16.805
      32.251       10.000        4.781       16.805
      32.352       19.900        4.781       16.805
      32.452       19.900        4.781       16.805
      32.553       59.700        4.781       16.805
      32.653       29.900        4.781       16.805
      32.753       19.900        4.781       16.805
      32.854       29.900        4.781       16.805
      32.954       29.900        4.781       16.805
      33.055       49.800        4.781       16.805
      33.155       39.700        4.781       16.805
      33.256       10.000        4.781       16.805
      33.356        0.000        4.781       16.805
      33.457       49.800        4.781       16.805
      33.557       49.900        4.781       16.805
      33.658       29.800        4.781       16.555
      33.758       10.000        4.781       16.805
      33.858       19.900        4.781       16.805
      33.959       29.900        4.781       16.805
      34.059       29.900        4.781       16.805
      34.160       49.800        4.781       16.805
      34.260       19.900        4.781       16.805
      34.360       29.900        4.781       16.805
      34.461       39.800        4.781       16.805
      34.561       49.800        4.781       16.805
      34.662       29.900        4.781       16.805
      34.762       19.900        4.781       16.805
      34.863       10.000        4.781       16.805
      34.963       29.900        4.781       16.805
      35.063       39.700        4.781       16.805
      35.165       49.600        4.781       17.055
      35.265       29.700        4.781       16.805
      35.366       19.900        4.781       16.805
      35.467       39.800        4.781       16.805
      35.567       39.800        4.781       16.555
      35.668       39.600        4.781       16.805
      35.769       19.900        4.781       16.805
      35.869       19.900        4.781       16.805
      35.969       19.900        4.781       16.805
      36.070       39.800        4.781       16.805
      36.170       39.800        4.781       16.805
      36.271       19.900        4.781       16.805
      36.371       19.900        4.781       16.805
      36.472       19.900        4.781       16.805
      36.572       29.900        4.781       16.805
      36.673       39.700        4.781       16.805
      36.773       39.900        4.781       16.805
      36.873       19.900        4.781       16.805
      36.974       39.800        4.781       16.555
      37.074       39.800        4.781       16.805
      37.175       29.900        4.781       16.805
      37.275       29.900        4.781       16.805
      37.375       10.000        4.781       16.805
      37.476       19.900        4.781       16.805
      37.576       29.800        4.781       16.805
      37.677       49.800        4.781       16.805
      37.777       39.800        4.781       16.805
      37.878       19.900        4.781       16.805
      37.978       19.900        4.781       16.805
      38.078       49.800        4.781       16.805
      38.179       29.900        4.781       16.805
      38.279       29.900        4.781       16.805
      38.380       10.000        4.781       16.805
      38.480       29.900        4.781       16.805
      38.580       29.900        4.781       16.805
      38.681       49.800        4.781       16.805
      38.781       39.800        4.781       16.805
      38.882       10.000        4.781       16.805
      38.982       19.900        4.781       16.805
      39.083       29.900        4.781       16.805
      39.183       49.700        4.781       16.805
      39.284       19.900        4.781       16.805
      39.384       29.800        4.781       16.805
      39.485       29.800        4.781       16.805
      39.585       39.900        4.781       16.805
      39.686       39.800        4.781       16.805
      39.786       29.900        4.781       16.805
      39.886       19.900        4.781       16.805
      39.987       10.000        4.781       16.805
      40.087       29.900        4.781       16.805
      40.187       39.900        4.781       16.805
      40.288       49.800        4.781       16.805
      40.388       19.900        4.781       16.805
      40.489       29.900        4.781       16.805
      40.589       29.900        4.781       16.805
      40.689       29.900        4.781       16.805
      40.790       49.700        4.781       16.805
      40.890       19.900        4.781       16.805
      40.991       10.000        4.781       16.805
      41.091       39.800        4.781       16.805
      41.192       39.900        4.781       16.805
      41.292       39.800        4.781       16.805
      41.392       39.900        4.781       16.805
      41.493       19.900        4.781       16.805
      41.593       19.900        4.781       16.805
      41.694       29.900        4.781       16.805
      41.794       29.900        4.781       16.805
      41.895       29.900        4.781       16.805
      41.995       19.900        4.781       16.805
      42.096       49.700        4.781       16.805
      42.196       29.900        4.781       16.805
      42.297       39.700        4.781       16.805
      42.397       29.900        4.781       16.805
      42.498       10.000        4.781       16.805
      42.598       19.900        4.781       16.805
      42.699       29.800        4.781       16.805
      42.800       39.700        4.781       16.805
      42.901       49.500        4.781       16.805
      43.001       19.900        4.781       16.805
      43.101       29.900        4.781       16.805
      43.202       29.900        4.781       16.805
      43.302       39.800        4.781       16.805
      43.402       29.900        4.781       16.805
      43.503       10.000        4.781       16.805
      43.603       29.900        4.781       16.805
      43.704       29.900        4.781       16.805
      43.804       39.800        4.781       16.805
      43.904       39.900        4.781       16.805
      44.005       19.900        4.781       16.805
      44.105       19.900        4.781       16.805
      44.206       19.900        4.781       16.805
      44.306       39.900        4.781       16.805
      44.407       29.800        4.781       16.805
      44.507       39.800        4.781       16.805
      44.607       29.900        4.781       16.805
      44.708       39.800        4.781       16.805
      44.808       39.800        4.781       16.805
      44.909       29.900        4.781       16.555
      45.009       19.900        4.781       16.805
      45.110       19.900        4.781       16.805
      45.210       19.900        4.781       16.805
      45.311       39.900        4.781       16.805
      45.411       49.800        4.781       16.805
      45.512       19.900        4.781       16.805
      45.612       19.900        4.781       16.805
      45.712       39.800        4.781       16.805
      45.813       39.800        4.781       16.805
      45.913       29.900        4.781       16.805
      46.014       19.800        4.781       16.805
      46.115       19.800        4.781       16.805
      46.215       39.800        4.781       16.805
      46.316       29.900        4.781       16.805
      46.416       39.800        4.781       16.805
      46.517       29.800        4.781       16.805
      46.617       19.900        4.781       16.805
      46.718       19.900        4.781       16.805
      46.818       39.800        4.781       16.805
      46.919       29.900        4.781       16.805
      47.019       29.900        4.781       16.805
      47.119       39.900        4.781       16.805
      47.220       29.900        4.781       16.805
      47.320       39.900        4.781       16.805
      47.420       39.900        4.781       16.805
      47.521       19.900        4.781       16.805
      47.621       10.000        4.781       16.805
      47.722       29.900        4.781       16.805
      47.822       39.900        4.781       16.805
      47.922       29.900        4.781       16.805
      48.022       49.800        4.781       16.805
      48.123       19.900        4.781       16.805
      48.223       29.900        4.781       16.805
      48.323       39.900        4.781       16.805
      48.424       49.800        4.781       16.805
      48.524       19.900        4.781       16.805
      48.625       19.900        4.781       16.805
      48.725       29.900        4.781       17.055
      48.825       39.800        4.781       16.805
      48.926       29.900        4.781       16.805
      49.026       39.700        4.781       16.805
      49.127       29.800        4.781       16.805
      49.228       10.000        4.781       16.805
      49.328       29.900        4.781       16.805
      49.428       49.700        4.781       16.805
      49.529       39.800        4.781       16.805
      49.630       29.900        4.781       16.805
      49.730       29.800        4.781       16.805
      49.830       29.900        4.781       16.805
      49.931       49.800        4.781       16.805
      50.031       29.900        4.781       16.805
      50.131       19.900        4.781       16.805
      50.232       10.000        4.781       16.805
      50.332       39.800        4.781       17.055
      50.433       39.800        4.781       16.805
      50.533       39.800        4.781       16.805
      50.634       29.900        4.781       16.805
      50.734       19.900        4.781       16.805
      50.834       39.700        4.781       16.805
      50.935       39.800        4.781       17.305
      51.035       29.900        4.781       16.805
      51.136       10.000        4.781       16.805
      51.236       29.900        4.781       16.805
      51.337       29.900        4.781       16.805
      51.437       29.900        4.781       16.805
      51.537       49.800        4.781       16.805
      51.638       29.800        4.781       16.805
      51.738       19.900        4.781       16.805
      51.839       10.000        4.781       16.805
      51.939       29.900        4.781       16.805
      52.040       49.300        4.781       16.805
      52.141       29.900        4.781       16.805
      52.241       19.900        4.781       16.805
      52.341       29.900        4.781       16.805
      52.442       39.800        4.781       16.805
      52.542       49.800        4.781       16.805
      52.643       10.000        4.781       16.805
      52.743       19.900        4.781       16.805
      52.844       29.900        4.781       16.805
      52.944       29.900        4.781       16.805
      53.044       39.800        4.781       16.805
      53.145       19.900        4.781       16.805
      53.245       39.700        4.781       16.805
      53.346       29.900        4.781       17.055
      53.447       39.700        4.781       16.805
      53.547       29.800        4.781       16.805
      53.648       19.900        4.781       16.805
      53.748       19.900        4.781       16.805
      53.849       29.900        4.781       16.805
      53.949       29.900        4.781       16.805
      54.050       39.900        4.781       16.805
      54.150       19.900        4.781       16.805
      54.250       29.900        4.781       16.805
      54.351       19.900        4.781       16.805
      54.451       29.900        4.781       16.805
      54.552       19.900        4.781       16.805
      54.652       39.800        4.781       16.805
      54.752       29.900        4.781       16.805
      54.853       29.900        4.781       16.805
      54.953       29.900        4.781       16.805
      55.053       49.800        4.781       16.805
      55.154       29.800        4.781       16.805
      55.255       10.000        4.781       16.805
      55.355       19.900        4.781       16.805
      55.455       39.800        4.781       16.805
      55.556       39.700        4.781       16.805
      55.656       39.800        4.781       16.805
      55.757       19.900        4.781       16.805
      55.858       29.900        4.781       16.805
      55.958       49.800        4.781       16.805
      56.058       29.900        4.781       16.805
      56.159       29.900        4.781       16.805
      56.259       19.900        4.781       16.805
      56.360       29.700        4.781       16.805
      56.460       29.900        4.781       16.805
      56.561       39.900        4.781       16.805
      56.661       29.900        4.781       16.805
      56.761       29.900        4.781       16.805
      56.862       19.800        4.781       16.805
      56.963       19.900        4.781       16.805
      57.064       29.800        4.781       16.805
      57.164       29.900        4.781       16.805
      57.264       39.900        4.781       16.805
      57.365       39.900        4.781       16.805
      57.465       29.800        4.781       16.805
      57.566       39.700        4.781       16.805
      57.667       29.900        4.781       16.805
      57.767       29.900        4.781       16.805
      57.867       10.000        4.781       16.805
      57.967       29.900        4.781       16.805
      58.068       29.900        4.781       16.805
      58.168       49.800        4.781       16.805
      58.268       29.900        4.781       16.805
      58.369       29.900        4.781       16.805
      58.469       29.900        4.781       16.805
      58.569       29.900        4.781       16.805
      58.670       39.900        4.781       16.805
      58.770       19.900        4.656       16.805
      58.870       19.900        4.656       16.805
      58.971       29.800        4.656       16.805
      59.072       29.900        4.656       16.805
      59.172       39.600        4.656       16.805
      59.273       29.800        4.656       16.805
      59.373       19.900        4.656       16.805
      59.474       29.900        4.656       16.805
      59.574       29.900        4.656       16.805
      59.675       19.900        4.656       16.805
      59.775       39.800        4.656       16.805
      59.875       39.800        4.656       16.805
      59.976       19.900        4.656       16.805
      60.076       39.900        4.656       16.805
      60.177       29.900        4.656       16.805
      60.277       39.800        4.656       16.805
      60.377       19.900        4.656       16.805
      60.480        9.800        4.656       16.805
      60.580       39.800        4.656       16.805
      60.681       29.900        4.656       16.805
      60.781       39.800        4.656       16.805
      60.882       29.900        4.656       16.805
      60.982       29.900        4.656       16.805
      61.083       29.900        4.656       16.805
      61.183       39.900        4.656       16.805
      61.283       29.900        4.656       16.805
      61.383       19.900        4.656       16.805
      61.484       10.000        4.656       16.805
      61.584       49.800        4.656       16.805
      61.684       29.900        4.656       16.805
      61.785       29.900        4.656       16.805
      61.885       29.900        4.656       16.805
      61.986       19.900        4.656       16.805
      62.086       29.800        4.656       16.805
      62.187       19.900        4.656       16.805
      62.287       39.900        4.656       16.805
      62.387       29.900        4.656       16.805
      62.488       29.900        4.656       16.805
      62.588       49.800        4.656       16.805
      62.689       29.800        4.656       16.805
      62.789       29.800        4.656       16.805
      62.890       19.900        4.656       16.805
      62.990       19.900        4.656       16.805
      63.090       29.900        4.656       16.805
      63.191       29.900        4.656       16.805
      63.291       39.800        4.656       16.805
      63.391       29.900        4.656       16.805
      63.492       39.800        4.656       16.805
      63.592       29.900        4.656       16.805
      63.693       29.900        4.656       16.805
      63.793       29.900        4.656       16.805
      63.893       19.900        4.656       16.805
      63.994       19.900        4.656       16.805
      64.094       29.900        4.656       16.805
      64.195       39.700        4.656       16.805
      64.295       29.900        4.656       16.805
      64.396       39.600        4.656       16.805
      64.497        9.900        4.656       16.805
      64.597       19.900        4.656       16.805
      64.698       29.900        4.656       16.805
      64.798       49.800        4.656       16.805
      64.898       29.900        4.656       16.805
      64.999       29.900        4.656       16.805
      65.099       39.800        4.656       16.805
      65.200       39.800        4.656       16.805
      65.300       19.900        4.656       16.805
      65.401       39.800        4.656       16.805
      65.501       10.000        4.656       16.805
      65.601       29.900        4.656       16.805
      65.702       29.900        4.656       16.805
      65.802       39.700        4.656       16.555
      65.903       29.900        4.656       17.055
      66.003       29.900        4.656       16.805
      66.103       39.900        4.656       16.805
      66.204       19.900        4.656       16.805
      66.304       39.800        4.656       16.805
      66.404       29.900        4.656       16.805
      66.505       19.900        4.656       16.805
      66.605       19.900        4.656       16.805
      66.706       39.800        4.656       16.805
      66.806       29.800        4.656       16.805
      66.907       39.700        4.656       16.805
      67.008       29.800        4.656       16.805
      67.108       19.900        4.656       16.805
      67.209       19.900        4.656       16.805
      67.310       49.500        4.656       16.555
      67.411       49.300        4.656       16.805
      67.511       39.800        4.406       16.805
      67.612       39.900        4.406       16.805
      67.712       29.900        4.406       16.805
      67.813       39.800        4.406       16.805
      67.913       29.900        4.406       16.805
      68.013       19.900        4.406       16.805
      68.114       19.900        4.406       16.805
      68.214       39.900        4.406       16.730
      68.314       39.800        4.406       16.730
      68.415       29.900        4.406       16.730
      68.515       29.900        4.406       16.730
      68.616       29.900        4.406       16.730
      68.716       49.800        4.406       16.730
      68.816       29.900        4.406       16.730
      68.917       29.900        4.406       16.730
      69.017       19.900        4.406       16.730
      69.118       29.900        4.406       16.730
      69.218       29.900        4.406       16.734
      69.318       29.900        4.406       16.730
      69.418       29.900        4.406       16.730
      69.519       29.900        4.406       16.730
      69.619       19.900        4.406       16.730
      69.719       29.900        4.406       16.730
      69.820       39.900        4.406       16.730
      69.920       29.900        4.281       16.730
      70.020       39.900        4.281       16.754
      70.121       19.900        4.281       16.754
      70.221       49.800        4.281       16.730
      70.322       39.800        4.281       16.730
      70.422       29.900        4.281       16.730
      70.522       29.900        4.281       16.480
      70.622       29.900        4.281       16.734
      70.723       19.900        4.281       16.734
      70.823       29.900        4.281       16.734
      70.923       39.800        4.281       16.730
      71.024       29.800        4.281       16.730
      71.125       39.700        4.281       16.730
      71.225       29.900        4.281       16.730
      71.326       39.800        4.281       16.730
      71.426       29.900        4.281       16.730
      71.527       29.900        4.281       16.730
      71.627       29.800        4.281       16.730
      71.728       19.900        4.281       16.730
      71.829       49.700        4.281       16.730
      71.929       29.900        4.281       16.730
      72.029       29.900        4.281       16.730
      72.130       19.900        4.281       16.730
      72.230       19.900        4.281       16.730
      72.331       29.900        4.281       16.730
      72.431       39.900        4.281       16.730
      72.531       29.900        4.281       16.730
      72.632       39.900        4.281       16.730
      72.732       29.900        4.281       16.730
      72.832       39.800        4.281       16.730
      72.933       39.800        4.281       16.730
      73.033       29.900        4.281       16.730
      73.134       19.900        4.281       16.730
      73.234       29.900        4.281       16.480
      73.334       29.900        4.281       16.730
      73.435       39.700        4.281       16.738
      73.536       39.800        4.281       16.730
      73.636       29.900        4.281       16.730
      73.737       39.900        4.281       16.730
      73.837       39.900        4.281       16.730
      73.937       39.900        4.281       16.730
      74.038       19.900        4.281       16.730
      74.138       29.900        4.281       16.730
      74.238       19.900        4.281       16.730
      74.339       29.900        4.281       16.730
      74.439       39.900        4.281       16.730
      74.539       29.900        4.281       16.730
      74.640       19.900        4.281       16.730
      74.740       29.900        4.281       16.730
      74.840       19.900        4.281       16.730
      74.941       29.900        4.281       16.730
      75.041       39.900        4.281       16.730
      75.141       29.900        4.281       16.996
      75.242       29.900        4.281       16.742
      75.342       39.800        4.281       16.730
      75.443       29.900        4.281       16.730
      75.543       29.700        4.281       16.730
      75.644       19.900        4.281       16.730
      75.745       29.900        4.281       16.730
      75.845       29.900        4.281       16.730
      75.946       19.900        4.156       16.730
      76.046       39.900        4.156       16.730
      76.147       39.700        4.156       16.730
      76.248       39.700        4.156       16.730
      76.348       29.900        4.156       16.730
      76.448       39.800        4.156       16.730
      76.549       29.900        4.156       16.730
      76.649       19.900        4.156       16.730
      76.749       19.900        4.156       16.730
      76.850       39.800        4.156       16.730
      76.950       29.900        4.156       16.730
      77.051       29.900        4.156       16.730
      77.151       29.900        4.156       16.988
      77.251       29.900        4.156       16.730
      77.352       19.900        4.156       16.730
      77.452       29.900        4.156       16.730
      77.553       29.900        4.156       16.734
      77.653       39.700        4.156       16.734
      77.754       39.800        4.156       16.730
      77.854       29.900        4.156       16.730
      77.955       39.700        4.156       16.730
      78.056       39.700        4.156       16.730
      78.156       29.800        4.156       16.730
      78.257       19.900        4.156       16.730
      78.357       19.900        4.156       16.730
      78.458       29.900        4.156       16.730
      78.558       49.800        4.156       16.730
      78.658       29.900        4.156       16.730
      78.759       39.800        4.156       16.734
      78.859       29.800        4.156       16.734
      78.960       29.900        4.156       16.730
      79.060       29.800        4.156       16.730
      79.161       29.800        4.156       16.730
      79.262       29.900        4.156       16.730
      79.362       19.900        4.156       16.730
      79.462       29.900        4.156       16.730
      79.563       39.800        4.156       16.730
      79.663       29.900        4.156       16.730
      79.764       29.900        4.156       16.730
      79.864       10.000        4.156       16.730
      79.964       39.800        4.156       16.730
      80.065       19.900        4.156       16.730
      80.165       49.800        4.156       16.730
      80.266       29.900        4.156       16.730
      80.366       29.900        4.156       16.734
      80.467       39.800        4.156       16.730
      80.567       39.800        4.156       16.730
      80.668       10.000        4.156       16.734
      80.768       29.900        4.156       16.734
      80.868       29.900        4.156       16.734
      80.969       29.900        4.156       16.734
      81.069       19.900        4.156       16.734
      81.170       39.800        4.156       16.730
      81.270       29.900        4.156       16.730
      81.370       39.800        4.156       16.730
      81.471       29.900        4.156       16.730
      81.571       29.900        4.156       16.730
      81.672       39.800        4.156       16.730
      81.772       19.900        4.156       16.730
      81.873       19.900        4.156       16.730
      81.973       39.800        4.156       16.730
      82.074       29.900        4.156       16.730
      82.174       39.800        4.156       16.754
      82.275       19.900        4.156       16.754
      82.375       19.900        4.156       16.754
      82.476       19.900        4.156       16.754
      82.576       39.600        4.016       16.730
      82.677       19.900        4.016       16.730
      82.778       39.800        4.016       16.730
      82.878       29.900        4.016       16.730
      82.979       39.700        4.016       16.730
      83.079       19.900        4.016       16.730
      83.180       39.800        4.016       16.730
      83.280       29.900        4.016       16.730
      83.381       19.900        4.016       16.730
      83.481       29.900        4.016       16.730
      83.582       19.900        4.016       16.730
      83.682       49.800        4.016       16.730
      83.782       29.900        4.016       16.730
      83.883       29.800        4.016       16.730
      83.983       39.800        4.016       16.730
      84.084       39.800        4.016       16.730
      84.185       29.700        4.016       16.730
      84.285       19.900        4.016       16.730
      84.386       29.900        4.016       16.730
      84.487       29.700        4.016       16.734
      84.587       29.800        4.016       16.734
      84.688       39.800        4.016       16.730
      84.789       39.700        4.016       16.754
      84.889       39.800        4.016       16.730
      84.990       29.900        4.016       16.730
      85.090       19.900        4.016       16.484
      85.191       39.800        4.016       16.730
      85.291       29.700        4.016       16.996
      85.392       49.800        4.016       16.730
      85.492       29.900        4.016       16.734
      85.593       29.900        4.016       16.734
      85.693       29.700        4.016       16.734
      85.795       29.500        4.016       16.734
      85.896       29.800        4.016       16.734
      85.997       19.900        4.016       16.734
      86.097       39.900        4.016       16.730
      86.197       29.900        4.016       16.730
      86.298       39.900        4.016       16.730
      86.398       29.900        4.016       16.730
      86.498       39.800        4.016       16.730
      86.599       49.800        4.016       17.004
      86.699       19.900        4.016       16.730
      86.800       29.900        4.016       16.730
      86.900       19.900        4.016       16.730
      87.001       29.500        4.016       16.746
      87.102       39.700        3.926       16.730
      87.203       29.900        3.926       16.730
      87.303       29.800        3.926       16.730
      87.404       49.800        3.926       16.730
      87.504       19.900        3.926       16.730
      87.604       19.900        3.926       16.730
      87.705       39.800        3.926       16.730
      87.805       39.800        3.926       16.730
      87.906       19.900        3.926       16.730
      88.006       39.800        3.926       16.730
      88.107       39.700        3.926       16.730
      88.208       39.500        3.926       16.730
      88.309       29.700        3.926       16.730
      88.410       29.900        3.926       16.730
      88.510        9.900        3.926       16.730
      88.611       39.800        3.926       16.730
      88.711       29.900        3.926       16.734
      88.812       29.600        3.926       16.730
      88.913       39.800        3.926       16.730
      89.013       29.900        3.926       16.730
      89.114       39.900        3.926       16.730
      89.214       29.900        3.926       16.730
      89.315       29.900        3.926       16.730
      89.415       29.900        3.926       16.730
      89.516       29.700        3.926       16.730
      89.616       29.900        3.926       16.730
      89.717       39.800        3.926       16.484
      89.818       29.800        3.926       16.730
      89.920       29.400        3.926       16.480
      90.021       39.600        3.926       16.730
      90.121       29.900        4.051       16.730
      90.221       39.800        4.051       16.730
      90.322       29.900        4.051       16.730
      90.423       49.600        4.051       16.730
      90.523       39.800        4.051       16.730
      90.624       39.800        3.926       16.730
      90.724       39.800        3.926       16.730
      90.824       29.900        3.926       16.730
      90.925       39.900        3.926       16.484
      91.025       29.900        3.926       16.730
      91.125       10.000        3.926       16.730
      91.226       39.800        3.926       16.730
      91.326       39.900        4.051       16.730
      91.427       49.800        4.051       16.730
      91.527       29.800        4.051       16.730
      91.628       59.600        4.051       16.730
      91.729       29.800        4.051       16.730
      91.829       49.700        4.051       16.730
      91.930       29.800        4.051       16.480
      92.030       29.900        4.051       16.730
      92.131       19.900        4.051       16.730
      92.231       29.900        4.051       16.730
      92.331       39.900        4.051       16.730
      92.432       29.900        4.051       16.730
      92.532       39.800        4.051       16.730
      92.633       19.900        4.051       16.734
      92.733       39.900        4.051       16.754
      92.833       39.800        3.922       16.754
      92.934       29.800        3.922       16.730
      93.034       39.700        3.922       16.730
      93.135       39.600        3.922       16.730
      93.236       39.700        3.922       16.730
      93.337       29.900        3.922       16.730
      93.437       19.900        3.922       16.730
      93.537       49.800        3.922       16.730
      93.638       19.900        3.922       16.730
      93.738       19.900        3.922       16.730
      93.838       29.900        3.922       16.734
      93.939       29.900        3.922       16.734
      94.039       29.900        3.922       16.734
      94.140       39.900        4.047       16.730
      94.240       29.900        4.047       16.730
      94.340       29.900        4.172       16.730
      94.441       29.800        4.172       16.730
      94.541       19.900        4.172       16.730
      94.642       39.700        4.172       16.730
      94.743       29.900        4.172       16.730
      94.843       19.900        4.172       16.730
      94.944       19.900        4.172       16.734
      95.044       29.800        4.172       16.734
      95.145       29.800        4.172       16.734
      95.245       29.900        4.172       16.730
      95.346       29.900        4.172       16.730
      95.446       29.900        4.172       16.730
      95.546       39.900        4.172       16.730
      95.647       29.900        4.039       16.730
      95.747       39.800        4.039       16.730
      95.847       39.900        4.039       16.730
      95.948       29.900        4.039       16.730
      96.048       19.900        4.039       16.730
      96.148       39.900        4.039       16.730
      96.249       19.900        4.039       16.730
      96.349       29.900        4.039       16.730
      96.449       29.900        4.039       16.730
      96.550       39.800        4.039       16.730
      96.650       29.800        4.039       16.730
      96.751       39.800        4.164       16.730
      96.851       39.700        4.164       16.730
      96.952       19.900        4.164       16.730
      97.052       29.900        4.164       16.730
      97.153       29.900        4.164       16.730
      97.253       19.900        4.164       16.730
      97.354       29.900        4.164       16.730
      97.454       29.900        4.164       16.730
      97.554       19.900        4.164       16.730
      97.655       29.900        4.164       16.730
      97.755       29.800        4.164       16.730
      97.856       29.900        4.164       16.730
      97.956       29.900        4.164       16.730
      98.056       39.800        4.164       16.730
      98.157       29.900        4.164       16.730
      98.257       29.700        4.164       16.754
      98.359       29.800        4.035       16.730
      98.459       29.900        4.035       16.730
      98.559       29.900        4.035       16.734
      98.660       29.800        4.035       16.734
      98.760       19.900        4.035       16.734
      98.861       39.900        4.035       16.730
      98.961       19.900        4.035       16.730
      99.062       39.900        4.035       16.730
      99.162       29.800        4.035       16.730
      99.263       29.900        4.035       16.730
      99.363       39.800        4.035       16.730
      99.464       29.900        4.035       16.730
      99.564       29.900        4.035       16.734
      99.664       29.900        4.035       16.734
      99.764       19.900        4.035       16.734
      99.865       19.900        4.035       16.730
      99.965       29.900        4.035       16.730
