# Elapsed time   CPU (%)     Real (MB)   Virtual (MB)
       0.001        0.000        3.965       55.852
       0.101       10.000        3.965       55.852
       0.202       10.000        3.965       55.852
       0.302       10.000        3.965       55.852
       0.403       10.000        3.965       55.852
       0.503        9.900        3.965       55.852
       0.604       10.000        3.965       55.852
       0.704        0.000        3.965       55.852
       0.804       10.000        3.965       55.852
       0.905        0.000        3.965       55.852
       1.005       19.900        3.965       55.852
       1.106       10.000        3.965       55.852
       1.206        0.000        3.965       55.852
       1.307       10.000        3.965       55.852
       1.407        9.900        3.965       55.852
       1.508        0.000        3.965       55.852
       1.608       10.000        3.965       55.852
       1.708        0.000        3.965       55.852
       1.809       19.900        3.965       55.852
       1.909        0.000        3.965       55.852
       2.010       10.000        3.965       55.852
       2.110       10.000        3.965       55.852
       2.211        0.000        3.965       55.852
       2.312        0.000        3.965       55.852
       2.412        0.000        3.965       55.852
       2.512        0.000        3.965       55.852
       2.613        0.000        3.965       55.852
       2.714        0.000        3.965       55.852
       2.814        0.000        3.965       55.852
       2.915        0.000        3.965       55.852
       3.015        0.000        3.965       55.852
       3.116        0.000        3.965       55.852
       3.216        0.000        3.965       55.852
       3.317        0.000        3.965       55.852
       3.417        0.000        3.965       55.852
       3.518        0.000        3.965       55.852
       3.618        0.000        3.965       55.852
       3.719        0.000        3.965       55.852
       3.819        0.000        3.965       55.852
       3.920        0.000        3.965       55.852
       4.020        0.000        3.965       55.852
       4.121        0.000        3.965       55.852
       4.221        0.000        3.965       55.852
       4.322        0.000        3.965       55.852
       4.423        0.000        3.965       55.852
       4.523        0.000        3.965       55.852
       4.624        0.000        3.965       55.852
       4.724        0.000        3.965       55.852
       4.825        0.000        3.965       55.852
       4.925        0.000        3.965       55.852
       5.026        0.000        3.965       55.852
       5.126        0.000        3.965       55.852
       5.227        0.000        3.965       55.852
       5.327        0.000        3.965       55.852
       5.428        0.000        3.965       55.852
       5.528        0.000        3.965       55.852
       5.629        0.000        3.965       55.852
       5.730        0.000        3.965       55.852
       5.830        0.000        3.965       55.852
       5.931        0.000        3.965       55.852
       6.031        0.000        3.965       55.852
       6.132        0.000        3.965       55.852
       6.232        0.000        3.965       55.852
       6.333        0.000        3.965       55.852
       6.433        0.000        3.965       55.852
       6.534        0.000        3.965       55.852
       6.634        0.000        3.965       55.852
       6.735        0.000        3.965       55.852
       6.836        0.000        3.965       55.852
       6.936        0.000        3.965       55.852
       7.037        0.000        3.965       55.852
       7.137        0.000        3.965       55.852
       7.238        0.000        3.965       55.852
       7.338        0.000        3.965       55.852
       7.439        0.000        3.965       55.852
       7.539        0.000        3.965       55.852
       7.640        0.000        3.965       55.852
       7.740        0.000        3.965       55.852
       7.841        0.000        3.965       55.852
       7.941        0.000        3.965       55.852
       8.042        0.000        3.965       55.852
       8.142        0.000        3.965       55.852
       8.243        0.000        3.965       55.852
       8.343        0.000        3.965       55.852
       8.444        0.000        3.965       55.852
       8.545        0.000        3.965       55.852
       8.645        0.000        3.965       55.852
       8.746        0.000        4.059       55.852
       8.846        0.000        4.059       55.852
       8.947        0.000        4.059       55.852
       9.047        0.000        4.059       55.852
       9.147        0.000        4.059       55.852
       9.248        0.000        4.059       55.852
       9.348        0.000        4.059       55.852
       9.449        0.000        4.059       55.852
       9.549        0.000        4.059       55.852
       9.650        0.000        4.059       55.852
       9.750       19.900        4.059       55.852
       9.851        0.000        4.059       55.852
       9.952        0.000        4.059       55.852
      10.052        0.000        4.059       55.852
      10.153        0.000        4.059       55.852
      10.253        0.000        4.059       55.852
      10.354        0.000        4.059       55.852
      10.454        0.000        4.059       55.852
      10.555        0.000        4.059       55.852
      10.655        0.000        4.059       55.852
      10.756        0.000        4.059       55.852
      10.857        0.000        4.059       55.852
      10.957        0.000        4.059       55.852
      11.057        0.000        4.059       55.852
      11.158        0.000        4.059       55.852
      11.258       10.000        4.059       55.852
      11.359       10.000        4.059       55.852
      11.459        0.000        4.059       55.852
      11.560        0.000        4.059       55.852
      11.661        0.000        4.059       55.852
      11.761        0.000        4.059       55.852
      11.862        0.000        4.059       55.852
      11.962        0.000        4.059       55.852
      12.063        0.000        4.059       55.852
      12.163        0.000        4.059       55.852
      12.263       10.000        4.059       55.852
      12.364        0.000        4.059       55.852
      12.464        0.000        4.059       55.852
      12.565        0.000        4.059       55.852
      12.666        0.000        4.059       55.852
      12.766        9.900        4.059       55.852
      12.867        0.000        4.059       55.852
      12.967        0.000        4.059       55.852
      13.068        0.000        4.059       55.852
      13.168        0.000        4.059       55.852
      13.269       19.900        4.059       55.852
      13.369        0.000        4.059       55.852
      13.470        0.000        4.059       55.852
      13.571        0.000        4.059       55.852
      13.671        0.000        4.059       55.852
      13.772        0.000        4.059       55.852
      13.872       19.900        4.059       55.852
      13.973        0.000        4.059       55.852
      14.073        0.000        4.059       55.852
      14.174        0.000        4.059       55.852
      14.274       10.000        4.059       55.852
      14.375        0.000        4.059       55.852
      14.475        0.000        4.059       55.852
      14.576        0.000        4.059       55.852
      14.677        0.000        4.059       55.852
      14.777       19.900        4.059       55.852
      14.878        0.000        4.059       55.852
      14.978        0.000        4.059       55.852
      15.079        0.000        4.059       55.852
      15.179        0.000        4.059       55.852
      15.280       19.900        4.059       55.852
      15.381        0.000        4.059       55.852
      15.481        0.000        4.059       55.852
      15.582        0.000        4.059       55.852
      15.682        0.000        4.059       55.852
      15.783       10.000        4.059       55.852
      15.883        9.900        4.059       55.852
      15.984        0.000        4.059       55.852
      16.084        0.000        4.059       55.852
      16.185        0.000        4.059       55.852
      16.285        9.900        4.059       55.852
      16.386        9.900        4.059       55.852
      16.486        0.000        4.059       55.852
      16.587        0.000        4.059       55.852
      16.688        0.000        4.059       55.852
      16.788       10.000        4.059       55.852
      16.889        9.900        4.059       55.852
      16.989        0.000        4.059       55.852
      17.090        0.000        4.059       55.852
      17.190        0.000        4.059       55.852
      17.291       19.900        4.059       55.852
      17.391        0.000        4.059       55.852
      17.492        9.900        4.059       55.852
      17.592        0.000        4.059       55.852
      17.693        0.000        4.059       55.852
      17.793       10.000        4.059       55.852
      17.894       10.000        4.059       55.852
      17.994        0.000        4.059       55.852
      18.095        0.000        4.059       55.852
      18.195        0.000        4.059       55.852
      18.296       10.000        4.059       55.852
      18.396       10.000        4.059       55.852
      18.497        0.000        4.059       55.852
      18.597        0.000        4.059       55.852
      18.698        0.000        4.059       55.852
      18.798       10.000        4.059       55.852
      18.898       10.000        4.059       55.852
      18.999        0.000        4.059       55.852
      19.099        9.900        4.059       55.852
      19.200        0.000        4.059       55.852
      19.300       10.000        4.059       55.852
      19.401       10.000        4.059       55.852
      19.501        9.900        4.059       55.852
      19.602        0.000        4.059       55.852
      19.702        0.000        4.059       55.852
      19.803        0.000        4.059       55.852
      19.903       10.000        4.059       55.852
      20.004        9.900        4.059       55.852
      20.104        0.000        4.059       55.852
      20.205        0.000        4.059       55.852
      20.305       10.000        4.059       55.852
      20.406       10.000        4.059       55.852
      20.506        0.000        4.059       55.852
      20.607        0.000        4.059       55.852
      20.707        0.000        4.059       55.852
      20.808       19.900        4.059       55.852
      20.908        9.900        4.059       55.852
      21.009        9.900        4.059       55.852
      21.109        0.000        4.059       55.852
      21.210        0.000        4.059       55.852
      21.310        0.000        4.059       55.852
      21.411        9.900        4.059       55.852
      21.511       19.900        4.059       55.852
      21.612        0.000        4.059       55.852
      21.712        0.000        4.059       55.852
      21.813        9.900        4.477       56.324
      21.914        9.900        4.477       56.324
      22.014        9.900        4.477       56.324
      22.115        0.000        4.477       56.324
      22.215        0.000        4.477       56.324
      22.316       10.000        4.477       56.324
      22.416       10.000        4.477       56.324
      22.517       10.000        4.477       56.324
      22.617        0.000        4.477       56.324
      22.718        0.000        4.477       56.324
      22.818       19.900        4.477       56.324
      22.919       19.900        4.477       56.324
      23.019        0.000        4.477       56.324
      23.120        0.000        4.477       56.324
      23.220        0.000        4.477       56.324
      23.321        9.900        4.477       56.324
      23.421        9.900        4.531       56.324
      23.522       10.000        4.531       56.324
      23.622        0.000        4.531       56.324
      23.723        0.000        4.531       56.324
      23.823       10.000        4.531       56.324
      23.924       10.000        4.531       56.324
      24.024        9.900        4.531       56.324
      24.125        9.900        4.531       56.324
      24.225        0.000        4.531       56.324
      24.326       10.000        4.531       56.324
      24.426       19.900        4.531       56.324
      24.527        0.000        4.531       56.324
      24.627        0.000        4.531       56.324
      24.728        0.000        4.531       56.324
      24.828       19.900        4.531       56.324
      24.929        9.900        4.531       56.324
      25.029       10.000        4.531       56.324
      25.130       10.000        4.531       56.324
      25.230        0.000        4.531       56.324
      25.331        9.900        4.531       56.324
      25.431        9.900        4.531       56.324
      25.532        9.900        4.531       56.324
      25.633        0.000        4.531       56.324
      25.733        0.000        4.531       56.324
      25.833       10.000        4.531       56.324
      25.934        9.900        4.531       56.324
      26.035       10.000        4.531       56.324
      26.135        0.000        4.531       56.324
      26.235        0.000        4.531       56.324
      26.336       10.000        4.531       56.324
      26.436        9.900        4.531       56.324
      26.537       19.900        4.531       56.324
      26.637        0.000        4.531       56.324
      26.738        9.900        4.531       56.324
      26.838       10.000        4.531       56.324
      26.939       19.900        4.531       56.324
      27.039       10.000        4.531       56.324
      27.139        0.000        4.531       56.324
      27.240        0.000        4.531       56.324
      27.340        9.900        4.531       56.324
      27.441       19.900        4.531       56.324
      27.541       10.000        4.531       56.324
      27.642       10.000        4.531       56.324
      27.742        0.000        4.531       56.324
      27.842        9.900        4.531       56.324
      27.943       10.000        4.531       56.324
      28.043       10.000        4.531       56.324
      28.144       10.000        4.531       56.324
      28.244        0.000        4.531       56.324
      28.345        9.900        4.531       56.324
      28.445        9.900        4.531       56.324
      28.546       10.000        4.531       56.324
      28.646        0.000        4.531       56.324
      28.747        0.000        4.531       56.324
      28.847        0.000        4.531       56.324
      28.948       19.900        4.531       56.324
      29.048        9.900        4.531       56.324
      29.149       10.000        4.531       56.324
      29.249        0.000        4.531       56.324
      29.350        9.900        4.531       56.324
      29.450       19.900        4.531       56.324
      29.551       19.900        4.531       56.324
      29.651        0.000        4.531       56.324
      29.752        0.000        4.531       56.324
      29.852        0.000        4.531       56.324
      29.953       19.900        4.531       56.324
      30.053       10.000        4.531       56.324
      30.154        9.900        4.531       56.324
      30.254        0.000        4.531       56.324
      30.355       19.900        4.531       56.324
      30.455       10.000        4.531       56.324
      30.556       10.000        4.531       56.324
      30.656       10.000        4.531       56.324
      30.757        0.000        4.531       56.324
      30.857       10.000        4.531       56.324
      30.957        0.000        4.531       56.324
      31.058       19.900        4.531       56.324
      31.158       19.900        4.531       56.324
      31.259        0.000        4.531       56.324
      31.359        0.000        4.531       56.324
      31.460        0.000        4.531       56.324
      31.561       19.900        4.531       56.324
      31.661       10.000        4.531       56.324
      31.761       10.000        4.531       56.324
      31.862        0.000        4.531       56.324
      31.963       19.900        4.531       56.324
      32.063        9.900        4.531       56.324
      32.164       19.900        4.531       56.324
      32.264        0.000        4.531       56.324
      32.365        0.000        4.531       56.324
      32.465        9.900        4.531       56.324
      32.566       10.000        4.531       56.324
      32.666       10.000        4.531       56.324
      32.767        0.000        4.531       56.324
      32.867       10.000        4.531       56.324
      32.967       19.900        4.531       56.324
      33.067       10.000        4.531       56.324
      33.168       10.000        4.531       56.324
      33.268        0.000        4.531       56.324
      33.369        0.000        4.531       56.324
      33.469       19.900        4.531       56.324
      33.570       10.000        4.531       56.324
      33.670       10.000        4.531       56.324
      33.770        9.900        4.531       56.324
      33.871        0.000        4.531       56.324
      33.971        0.000        4.531       56.324
      34.072        9.900        4.531       56.324
      34.172       19.900        4.531       56.324
      34.273       10.000        4.531       56.324
      34.373        0.000        4.531       56.324
      34.474       10.000        4.531       56.324
      34.574       10.000        4.531       56.324
      34.675        9.900        4.531       56.324
      34.775        9.900        4.531       56.324
      34.876        0.000        4.531       56.324
      34.976       10.000        4.531       56.324
      35.077        0.000        4.531       56.324
      35.177       19.900        4.531       56.324
      35.278        0.000        4.531       56.324
      35.378        9.900        4.531       56.324
      35.479        9.900        4.531       56.324
      35.579       10.000        4.531       56.324
      35.679       10.000        4.531       56.324
      35.780        9.900        4.531       56.324
      35.881       10.000        4.531       56.324
      35.981        0.000        4.531       56.324
      36.082        9.900        4.531       56.324
      36.182        9.900        4.531       56.324
      36.283        9.900        4.531       56.324
      36.383        9.900        4.531       56.324
      36.484        0.000        4.531       56.324
      36.585       10.000        4.531       56.324
      36.685       10.000        4.531       56.324
      36.785        9.900        4.531       56.324
      36.886        0.000        4.531       56.324
      36.986       10.000        4.531       56.324
      37.087       19.900        4.531       56.324
      37.187        9.900        4.531       56.324
      37.288        0.000        4.531       56.324
      37.388       10.000        4.531       56.324
      37.489       10.000        4.531       56.324
      37.589        0.000        4.531       56.324
      37.690        9.900        4.531       56.324
      37.790       19.900        4.531       56.324
      37.891        0.000        4.531       56.324
      37.992        9.900        4.531       56.324
      38.092       19.900        4.531       56.324
      38.192       10.000        4.531       56.324
      38.293        0.000        4.531       56.324
      38.393        9.900        4.531       56.324
      38.494        9.900        4.531       56.324
      38.594       10.000        4.531       56.324
      38.695       10.000        4.531       56.324
      38.795        9.900        4.531       56.324
      38.896        9.900        4.531       56.324
      38.996        0.000        4.531       56.324
      39.097        0.000        4.531       56.324
      39.197       19.900        4.531       56.324
      39.298       10.000        4.531       56.324
      39.398       10.000        4.531       56.324
      39.499        9.900        4.531       56.324
      39.599        9.900        4.531       56.324
      39.700       10.000        4.531       56.324
      39.800       10.000        4.531       56.324
      39.901        0.000        4.531       56.324
      40.001        9.900        4.531       56.324
      40.102        9.900        4.531       56.324
      40.203       10.000        4.531       56.324
      40.303       10.000        4.531       56.324
      40.403        9.900        4.531       56.324
      40.504       10.000        4.531       56.324
      40.604        0.000        4.531       56.324
      40.705       19.900        4.531       56.324
      40.805       10.000        4.531       56.324
      40.905       10.000        4.531       56.324
      41.006        0.000        4.531       56.324
      41.106        9.900        4.531       56.324
      41.207        9.900        4.531       56.324
      41.308       10.000        4.531       56.324
      41.408       10.000        4.531       56.324
      41.508        0.000        4.531       56.324
      41.609        9.900        4.531       56.324
      41.710        9.900        4.531       56.324
      41.810       10.000        4.531       56.324
      41.911        9.900        4.531       56.324
      42.011        0.000        4.531       56.324
      42.111       10.000        4.531       56.324
      42.212       19.900        4.531       56.324
      42.313        9.900        4.531       56.324
      42.413        9.900        4.531       56.324
      42.514        0.000        4.531       56.324
      42.614        9.900        4.531       56.324
      42.715        9.900        4.531       56.324
      42.816       19.900        4.531       56.324
      42.916       10.000        4.531       56.324
      43.016        0.000        4.531       56.324
      43.117       19.900        4.531       56.324
      43.217        0.000        4.531       56.324
      43.318       10.000        4.531       56.324
      43.418       10.000        4.531       56.324
      43.519        0.000        4.531       56.324
      43.619       10.000        4.531       56.324
      43.720       10.000        4.531       56.324
      43.820       19.900        4.531       56.324
      43.921        9.900        4.531       56.324
      44.021        0.000        4.531       56.324
      44.122        0.000        4.531       56.324
      44.222        9.900        4.531       56.324
      44.323       10.000        4.531       56.324
      44.423       10.000        4.531       56.324
      44.524        9.900        4.531       56.324
      44.624       10.000        4.531       56.324
      44.725       10.000        4.531       56.324
      44.825       19.900        4.531       56.324
      44.926        0.000        4.531       56.324
      45.026        9.900        4.531       56.324
      45.127        0.000        4.531       56.324
      45.227        9.900        4.531       56.324
      45.328       19.900        4.531       56.324
      45.428       10.000        4.531       56.324
      45.529        9.900        4.531       56.324
      45.630        0.000        4.531       56.324
      45.730       10.000        4.531       56.324
      45.831       10.000        4.531       56.324
      45.931        9.900        4.531       56.324
      46.032       10.000        4.531       56.324
      46.132        0.000        4.531       56.324
      46.232       10.000        4.531       56.324
      46.333       10.000        4.531       56.324
      46.433        9.900        4.531       56.324
      46.534        9.900        4.531       56.324
      46.635        0.000        4.531       56.324
      46.735       10.000        4.531       56.324
      46.835       10.000        4.531       56.324
      46.936       10.000        4.531       56.324
      47.036       19.900        4.531       56.324
      47.137        0.000        4.531       56.324
      47.237        9.900        4.531       56.324
      47.338       19.900        4.531       56.324
      47.438        0.000        4.531       56.324
      47.539        0.000        4.531       56.324
      47.639        9.900        4.531       56.324
      47.740        9.900        4.531       56.324
      47.841       10.000        4.531       56.324
      47.941       10.000        4.531       56.324
      48.041       19.900        4.531       56.324
      48.142        0.000        4.531       56.324
      48.242       10.000        4.531       56.324
      48.343        9.900        4.531       56.324
      48.443        9.900        4.531       56.324
      48.544       10.000        4.531       56.324
      48.644       10.000        4.531       56.324
      48.744        0.000        4.531       56.324
      48.845       10.000        4.531       56.324
      48.945       10.000        4.531       56.324
      49.046       10.000        4.531       56.324
      49.146        0.000        4.531       56.324
      49.246       10.000        4.531       56.324
      49.347        0.000        4.531       56.324
      49.447       19.900        4.531       56.324
      49.548        9.900        4.531       56.324
      49.649        9.900        4.531       56.324
      49.749       10.000        4.531       56.324
      49.849       10.000        4.531       56.324
      49.950       10.000        4.531       56.324
      50.050       10.000        4.531       56.324
      50.151        0.000        4.531       56.324
      50.252       19.900        4.531       56.324
      50.352        9.900        4.531       56.324
      50.453        9.900        4.531       56.324
      50.553        0.000        4.531       56.324
      50.654       10.000        4.531       56.324
      50.754        0.000        4.531       56.324
      50.855        9.900        4.531       56.324
      50.955       19.900        4.531       56.324
      51.056        9.900        4.531       56.324
      51.156        9.900        4.531       56.324
      51.257        0.000        4.531       56.324
      51.357        9.900        4.531       56.324
      51.458       19.900        4.531       56.324
      51.558       10.000        4.531       56.324
      51.659        0.000        4.531       56.324
      51.760        0.000        4.531       56.324
      51.860       10.000        4.531       56.324
      51.961       10.000        4.531       56.324
      52.061        9.900        4.531       56.324
      52.162        9.900        4.531       56.324
      52.262        9.900        4.531       56.324
      52.363        9.900        4.531       56.324
      52.463        9.900        4.531       56.324
      52.564        9.900        4.531       56.324
      52.665        9.900        4.531       56.324
      52.765        0.000        4.531       56.324
      52.865       10.000        4.531       56.324
      52.966       10.000        4.531       56.324
      53.066       19.900        4.531       56.324
      53.167        0.000        4.531       56.324
      53.267       10.000        4.531       56.324
      53.367        9.900        4.531       56.324
      53.468       10.000        4.531       56.324
      53.568       10.000        4.531       56.324
      53.669       10.000        4.531       56.324
      53.769        0.000        4.531       56.324
      53.870       19.900        4.531       56.324
      53.970       10.000        4.531       56.324
      54.071       10.000        4.531       56.324
      54.171       10.000        4.531       56.324
      54.271       10.000        4.531       56.324
      54.372        0.000        4.531       56.324
      54.473        9.900        4.531       56.324
      54.573       10.000        4.531       56.324
      54.674        9.900        4.531       56.324
      54.774        9.900        4.531       56.324
      54.875       19.900        4.531       56.324
      54.975        0.000        4.531       56.324
      55.076       19.900        4.531       56.324
      55.176       10.000        4.531       56.324
      55.277        0.000        4.531       56.324
      55.377        9.900        4.531       56.324
      55.478       10.000        4.531       56.324
      55.578       19.900        4.531       56.324
      55.678        0.000        4.531       56.324
      55.779        9.900        4.531       56.324
      55.880        9.900        4.531       56.324
      55.980        9.900        4.531       56.324
      56.081        9.900        4.531       56.324
      56.181        9.900        4.531       56.324
      56.282       10.000        4.531       56.324
      56.382        0.000        4.531       56.324
      56.483       10.000        4.531       56.324
      56.583        9.900        4.531       56.324
      56.684       10.000        4.531       56.324
      56.784        0.000        4.531       56.324
      56.885        9.900        4.531       56.324
      56.985        9.900        4.531       56.324
      57.086        9.900        4.531       56.324
      57.186       19.900        4.531       56.324
      57.287        0.000        4.531       56.324
      57.387       10.000        4.531       56.324
      57.488       10.000        4.531       56.324
      57.588        9.900        4.531       56.324
      57.689        9.900        4.531       56.324
      57.789        0.000        4.531       56.324
      57.890        9.900        4.531       56.324
      57.990        9.900        4.531       56.324
      58.091       19.900        4.531       56.324
      58.191        0.000        4.531       56.324
      58.292        9.900        4.531       56.324
      58.393        9.900        4.531       56.324
      58.493       10.000        4.531       56.324
      58.593       10.000        4.531       56.324
      58.694        9.900        4.531       56.324
      58.795        9.900        4.531       56.324
      58.895        0.000        4.531       56.324
      58.996        9.900        4.531       56.324
      59.096       10.000        4.531       56.324
      59.197       10.000        4.531       56.324
      59.297       10.000        4.531       56.324
      59.397        0.000        4.531       56.324
      59.498        9.900        4.531       56.324
      59.599        9.900        4.531       56.324
      59.699       19.900        4.531       56.324
      59.799        9.900        4.531       56.324
      59.900        0.000        4.531       56.324
      60.000       10.000        4.531       56.324
      60.101       19.900        4.531       56.324
      60.201       10.000        4.531       56.324
      60.302       10.000        4.531       56.324
      60.402       10.000        4.531       56.324
      60.503        0.000        4.531       56.324
      60.603       10.000        4.531       56.324
      60.703       10.000        4.531       56.324
      60.804        9.900        4.531       56.324
      60.905        0.000        4.531       56.324
      61.005        9.900        4.531       56.324
      61.106        9.900        4.531       56.324
      61.206       19.900        4.531       56.324
      61.307        0.000        4.531       56.324
      61.407        9.900        4.531       56.324
      61.508        0.000        4.531       56.324
      61.608       19.900        4.531       56.324
      61.709        9.900        4.531       56.324
      61.809       10.000        4.531       56.324
      61.910        0.000        4.531       56.324
      62.010       10.000        4.531       56.324
      62.111       10.000        4.531       56.324
      62.211       10.000        4.531       56.324
      62.311        0.000        4.531       56.324
      62.412       19.900        4.531       56.324
      62.512        0.000        4.531       56.324
      62.613        9.900        4.531       56.324
      62.714       10.000        4.531       56.324
      62.814       10.000        4.531       56.324
      62.915        9.900        4.531       56.324
      63.015        0.000        4.531       56.324
      63.116        9.900        4.531       56.324
      63.216       10.000        4.531       56.324
      63.317       10.000        4.531       56.324
      63.417        0.000        4.531       56.324
      63.518       19.900        4.531       56.324
      63.618        0.000        4.531       56.324
      63.719       10.000        4.531       56.324
      63.819       19.900        4.531       56.324
      63.920        0.000        4.531       56.324
      64.020       10.000        4.531       56.324
      64.121        9.900        4.531       56.324
      64.221       19.900        4.531       56.324
      64.321       10.000        4.531       56.324
      64.422        0.000        4.531       56.324
      64.522        9.900        4.531       56.324
      64.623        0.000        4.531       56.324
      64.723       10.000        4.531       56.324
      64.824        9.900        4.531       56.324
      64.925        9.900        4.531       56.324
      65.025        9.900        4.531       56.324
      65.126        9.900        4.531       56.324
      65.226       10.000        4.531       56.324
      65.326       10.000        4.531       56.324
      65.427        9.900        4.531       56.324
      65.527        0.000        4.531       56.324
      65.628        9.900        4.531       56.324
      65.729        9.900        4.531       56.324
      65.829       19.900        4.531       56.324
      65.930        9.900        4.531       56.324
      66.030       10.000        4.531       56.324
      66.131        9.900        4.531       56.324
      66.231        0.000        4.531       56.324
      66.332       19.900        4.531       56.324
      66.432        9.900        4.531       56.324
      66.533       10.000        4.531       56.324
      66.633        0.000        4.531       56.324
      66.734       10.000        4.531       56.324
      66.834       10.000        4.531       56.324
      66.934        9.900        4.531       56.324
      67.035        0.000        4.531       56.324
      67.136        9.900        4.531       56.324
      67.236        9.900        4.531       56.324
      67.337        9.900        4.531       56.324
      67.437       10.000        4.531       56.324
      67.538        9.900        4.531       56.324
      67.638        9.900        4.531       56.324
      67.739        9.900        4.531       56.324
      67.839        9.900        4.531       56.324
      67.940        9.900        4.531       56.324
      68.041       10.000        4.531       56.324
      68.141        0.000        4.531       56.324
      68.241       19.900        4.531       56.324
      68.342        0.000        4.531       56.324
      68.442       10.000        4.531       56.324
      68.543        0.000        4.531       56.324
      68.643        9.900        4.531       56.324
      68.744       10.000        4.531       56.324
      68.844        0.000        4.531       56.324
      68.945       19.900        4.531       56.324
      69.045        0.000        4.531       56.324
      69.146        0.000        4.531       56.324
      69.246       19.900        4.531       56.324
      69.347        0.000        4.531       56.324
      69.447       19.900        4.531       56.324
      69.548        0.000        4.531       56.324
      69.648       10.000        4.531       56.324
      69.749        0.000        4.531       56.324
      69.849        9.900        4.531       56.324
      69.950       10.000        4.531       56.324
      70.050       19.900        4.531       56.324
      70.151        0.000        4.531       56.324
      70.251        9.900        4.531       56.324
      70.352        9.900        4.531       56.324
      70.452        0.000        4.531       56.324
      70.553       10.000        4.531       56.324
      70.653       10.000        4.531       56.324
      70.753        0.000        4.531       56.324
      70.853       29.900        4.531       56.324
      70.954        0.000        4.531       56.324
      71.054       10.000        4.531       56.324
      71.155        0.000        4.531       56.324
      71.255       10.000        4.531       56.324
      71.356       19.900        4.531       56.324
      71.456        0.000        4.531       56.324
      71.557        9.900        4.531       56.324
      71.658        0.000        4.531       56.324
      71.758       19.900        4.531       56.324
      71.859       10.000        4.531       56.324
      71.959        9.900        4.531       56.324
      72.060        9.900        4.531       56.324
      72.160        0.000        4.531       56.324
      72.261        9.900        4.531       56.324
      72.361       10.000        4.531       56.324
      72.462       10.000        4.531       56.324
      72.562       10.000        4.531       56.324
      72.662       10.000        4.531       56.324
      72.763       10.000        4.531       56.324
      72.863       10.000        4.531       56.324
      72.964        9.900        4.531       56.324
      73.064        9.900        4.531       56.324
      73.165        0.000        4.531       56.324
      73.265       10.000        4.531       56.324
      73.366       10.000        4.531       56.324
      73.466       10.000        4.531       56.324
      73.567        0.000        4.531       56.324
      73.667       10.000        4.531       56.324
      73.768       19.900        4.531       56.324
      73.868        9.900        4.531       56.324
      73.969        9.900        4.531       56.324
      74.069        0.000        4.531       56.324
      74.170        9.900        4.531       56.324
      74.270       10.000        4.531       56.324
      74.371        9.900        4.531       56.324
      74.471       10.000        4.531       56.324
      74.572       10.000        4.531       56.324
      74.672        9.900        4.531       56.324
      74.773        0.000        4.531       56.324
      74.873        9.900        4.531       56.324
      74.974       10.000        4.531       56.324
      75.074        0.000        4.531       56.324
      75.174       10.000        4.531       56.324
      75.275       19.900        4.531       56.324
      75.375        9.900        4.531       56.324
      75.476        9.900        4.531       56.324
      75.576       10.000        4.531       56.324
      75.677        0.000        4.531       56.324
      75.777        9.900        4.531       56.324
      75.878        9.900        4.531       56.324
      75.978       10.000        4.531       56.324
      76.079       10.000        4.531       56.324
      76.179        9.900        4.531       56.324
      76.280        9.900        4.531       56.324
      76.380        0.000        4.531       56.324
      76.481        0.000        4.531       56.324
      76.581        0.000        4.531       56.324
      76.682        0.000        4.531       56.324
      76.782        0.000        4.531       56.324
      76.883        0.000        4.531       56.324
      76.983        0.000        4.531       56.324
      77.084        0.000        4.531       56.324
      77.185        0.000        4.531       56.324
      77.285        0.000        4.531       56.324
      77.386        0.000        4.531       56.324
      77.486        0.000        4.531       56.324
      77.587        0.000        4.531       56.324
      77.687        0.000        4.531       56.324
      77.788        0.000        4.531       56.324
      77.888        0.000        4.531       56.324
      77.989        0.000        4.531       56.324
      78.089        0.000        4.531       56.324
      78.190        0.000        4.531       56.324
      78.291        0.000        4.531       56.324
      78.391        0.000        4.531       56.324
      78.492        0.000        4.531       56.324
      78.592        0.000        4.531       56.324
      78.693        0.000        4.531       56.324
      78.793        0.000        4.531       56.324
      78.894       10.000        5.422       57.410
      78.994       39.900        6.832       58.625
      79.095       49.800        6.547       58.340
      79.195       19.900        6.547       58.340
      79.295        0.000        6.547       58.340
      79.395       10.000        6.547       58.340
      79.496        0.000        6.547       58.340
      79.596        0.000        6.547       58.340
      79.697        0.000        6.547       58.340
      79.797       10.000        6.547       58.340
      79.898        0.000        6.547       58.340
      79.998        0.000        6.547       58.340
      80.099        0.000        6.547       58.340
      80.200       10.000        6.547       58.340
      80.300        0.000        6.547       58.340
      80.400        0.000        6.547       58.340
      80.501        0.000        6.547       58.340
      80.601        0.000        6.547       58.340
      80.702        0.000        6.547       58.340
      80.803        0.000        6.547       58.340
      80.903        0.000        6.547       58.340
      81.004        9.900        6.547       58.340
      81.104        0.000        6.547       58.340
      81.205        0.000        6.547       58.340
      81.305        0.000        6.547       58.340
      81.406        0.000        6.547       58.340
      81.507       19.900        6.547       58.340
      81.607       49.800        6.188       57.980
      81.707       29.900        6.039       57.832
      81.807       19.900        6.039       57.832
      81.908        0.000        6.039       57.832
      82.008        0.000        6.039       57.832
      82.109        0.000        6.039       57.832
      82.210        0.000        6.039       57.832
      82.310        0.000        6.039       57.832
      82.410       10.000        6.039       57.832
      82.511        0.000        6.039       57.832
      82.612        0.000        6.039       57.832
      82.712        0.000        6.039       57.832
      82.813        0.000        6.039       57.832
      82.913        0.000        6.039       57.832
      83.014        0.000        6.039       57.832
      83.114        0.000        6.039       57.832
      83.215        0.000        6.039       57.832
      83.315        0.000        6.039       57.832
      83.416       10.000        6.039       57.832
      83.516        0.000        6.039       57.832
      83.617        0.000        6.039       57.832
      83.717        0.000        6.039       57.832
      83.818        0.000        6.039       57.832
      83.918       10.000        6.039       57.832
      84.019       10.000        6.039       57.832
      84.119       39.800        6.039       57.832
      84.219       29.900        6.039       57.832
      84.320       39.900        6.039       57.832
      84.420       10.000        6.039       57.832
      84.521        9.900        6.039       57.832
      84.621        0.000        6.039       57.832
      84.722        0.000        6.039       57.832
      84.822        0.000        6.039       57.832
      84.923        0.000        6.039       57.832
      85.023        0.000        6.039       57.832
      85.124        0.000        6.039       57.832
      85.225        9.900        6.039       57.832
      85.325        0.000        6.039       57.832
      85.426        0.000        6.039       57.832
      85.526        0.000        6.039       57.832
      85.627        0.000        6.039       57.832
      85.728        0.000        6.039       57.832
      85.828        0.000        6.039       57.832
      85.929        0.000        6.039       57.832
      86.029        0.000        6.039       57.832
      86.130        0.000        6.039       57.832
      86.230        9.900        6.039       57.832
      86.331        0.000        6.039       57.832
      86.431        0.000        6.039       57.832
      86.532        0.000        6.039       57.832
      86.632       19.900        6.039       57.832
      86.732       39.900        6.039       57.832
      86.833       29.900        6.039       57.832
      86.933       29.800        6.039       57.832
      87.034       10.000        6.039       57.832
      87.134        0.000        6.039       57.832
      87.235        0.000        6.039       57.832
      87.335        0.000        6.039       57.832
      87.436        0.000        6.039       57.832
      87.536        0.000        6.039       57.832
      87.637        0.000        6.039       57.832
      87.737        0.000        6.039       57.832
      87.838       10.000        6.039       57.832
      87.938        0.000        6.039       57.832
      88.039        0.000        6.039       57.832
      88.139        0.000        6.039       57.832
      88.240        0.000        6.039       57.832
      88.340        0.000        6.039       57.832
      88.441        0.000        6.039       57.832
      88.541        0.000        6.039       57.832
      88.642        0.000        6.039       57.832
      88.742        0.000        6.039       57.832
      88.843        0.000        6.039       57.832
      88.944        9.900        6.039       57.832
      89.044        0.000        6.039       57.832
      89.145       19.900        6.039       57.832
      89.245       39.800        6.039       57.832
      89.345       19.900        6.039       57.832
      89.446       39.800        6.039       57.832
      89.546        9.900        6.039       57.832
      89.647        0.000        6.039       57.832
      89.748        0.000        6.039       57.832
      89.848        0.000        6.039       57.832
      89.948        0.000        6.039       57.832
      90.049        0.000        6.039       57.832
      90.149        0.000        6.039       57.832
      90.250       10.000        6.039       57.832
      90.350        0.000        6.039       57.832
      90.451        0.000        6.039       57.832
      90.552        0.000        6.039       57.832
      90.652        0.000        6.039       57.832
      90.753        0.000        6.039       57.832
      90.853        0.000        6.039       57.832
      90.953        0.000        6.039       57.832
      91.054        0.000        6.039       57.832
      91.154        0.000        6.039       57.832
      91.255        9.900        6.039       57.832
      91.355        0.000        6.039       57.832
      91.456        0.000        6.039       57.832
      91.556        0.000        6.039       57.832
      91.657        0.000        6.039       57.832
      91.758       39.800        6.039       57.832
      91.858       29.800        6.039       57.832
      91.959       29.900        6.039       57.832
      92.059       29.800        6.039       57.832
      92.160        0.000        6.039       57.832
      92.260        0.000        6.039       57.832
      92.360        0.000        6.039       57.832
      92.461        0.000        6.039       57.832
      92.561       10.000        6.039       57.832
      92.662        0.000        6.039       57.832
      92.762        0.000        6.039       57.832
      92.863        0.000        6.039       57.832
      92.964        0.000        6.039       57.832
      93.064        0.000        6.039       57.832
      93.165        0.000        6.039       57.832
      93.265        0.000        6.039       57.832
      93.366        0.000        6.039       57.832
      93.466        0.000        6.039       57.832
      93.567        0.000        6.039       57.832
      93.668        0.000        6.039       57.832
      93.768       10.000        6.039       57.832
      93.869        0.000        6.039       57.832
      93.969        0.000        6.039       57.832
      94.070        0.000        6.039       57.832
      94.170        9.900        6.039       57.832
      94.271       29.900        6.039       57.832
      94.371       29.900        6.039       57.832
      94.472       10.000        6.039       57.832
      94.572       49.800        6.039       57.832
      94.672       10.000        6.039       57.832
      94.773        0.000        6.039       57.832
      94.874        9.900        6.039       57.832
      94.974        0.000        6.039       57.832
      95.075        0.000        6.039       57.832
      95.175        0.000        6.039       57.832
      95.276       10.000        6.039       57.832
      95.376        0.000        6.039       57.832
      95.477        0.000        6.039       57.832
      95.577        0.000        6.039       57.832
      95.678        0.000        6.039       57.832
      95.778        0.000        6.039       57.832
      95.879        0.000        6.039       57.832
      95.980        0.000        6.039       57.832
      96.080        0.000        6.039       57.832
      96.181        0.000        6.039       57.832
      96.281        0.000        6.039       57.832
      96.382        9.900        6.039       57.832
      96.483        0.000        6.039       57.832
      96.583        0.000        6.039       57.832
      96.684        0.000        6.039       57.832
      96.784       19.900        6.039       57.832
      96.885       29.900        6.039       57.832
      96.985       19.900        6.039       57.832
      97.086       39.900        6.039       57.832
      97.186       19.900        6.039       57.832
      97.286        9.900        6.039       57.832
      97.387        0.000        6.039       57.832
      97.488        0.000        6.039       57.832
      97.588        0.000        6.039       57.832
      97.689        0.000        6.039       57.832
      97.789        9.900        6.039       57.832
      97.890        0.000        6.039       57.832
      97.990        0.000        6.039       57.832
      98.091       10.000        6.039       57.832
      98.191        0.000        6.039       57.832
      98.292        0.000        6.039       57.832
      98.392        0.000        6.039       57.832
      98.493        0.000        6.039       57.832
      98.593        0.000        6.039       57.832
      98.694        0.000        6.039       57.832
      98.794        0.000        6.039       57.832
      98.895        0.000        6.039       57.832
      98.995        0.000        6.039       57.832
      99.095        0.000        6.039       57.832
      99.196        0.000        6.039       57.832
      99.297        9.900        6.039       57.832
      99.397       19.900        6.039       57.832
      99.497       29.900        6.039       57.832
      99.598       39.900        5.965       57.758
      99.698       19.900        5.965       57.758
      99.799       10.000        5.965       57.758
      99.899       10.000        5.965       57.758
     100.000        0.000        5.965       57.758
