# Elapsed time   CPU (%)     Real (MB)   Virtual (MB)
       0.000        0.000        6.098       16.977
       0.100        0.000        6.098       16.977
       0.201        0.000        6.098       16.977
       0.301        0.000        6.098       16.977
       0.402        0.000        6.098       16.977
       0.502        0.000        6.098       16.977
       0.602        0.000        6.098       16.977
       0.703        0.000        6.098       16.977
       0.803        0.000        6.098       16.977
       0.904       39.800        6.977       16.977
       1.004        0.000        6.977       16.977
       1.105        0.000        6.977       16.977
       1.205        0.000        6.977       16.977
       1.305        0.000        6.977       16.977
       1.406        0.000        6.977       16.977
       1.506        0.000        6.977       16.977
       1.607        0.000        6.977       16.977
       1.707        0.000        6.977       16.977
       1.807       10.000        9.102       19.270
       1.908       39.800        6.977       16.977
       2.008        0.000        6.977       16.977
       2.108        0.000        6.977       16.977
       2.209        0.000        6.977       16.977
       2.309        0.000        6.977       16.977
       2.409        0.000        6.977       16.977
       2.510        0.000        6.977       16.977
       2.610        0.000        6.977       16.977
       2.710        0.000        6.977       16.977
       2.811        0.000        8.602       18.754
       2.912       39.800       10.352       20.562
       3.012        0.000       10.352       20.562
       3.112        0.000       10.352       20.562
       3.213        0.000       10.352       20.562
       3.313        0.000       10.352       20.562
       3.413       19.900       10.352       20.562
       3.514       29.800       10.352       20.562
       3.614        0.000       10.352       20.562
       3.715        0.000       10.352       20.562
       3.817        0.000       10.352       20.562
       3.917       69.600       10.352       20.562
       4.018        0.000       10.352       20.562
       4.118        0.000       10.352       20.562
       4.218        0.000       10.352       20.562
       4.319        0.000       10.352       20.562
       4.419       29.900       10.352       20.562
       4.519       10.000       10.352       20.562
       4.620        0.000       10.352       20.562
       4.720        0.000       10.352       20.562
       4.821        9.900       10.352       20.562
       4.921       49.800        7.055       17.227
       5.022        0.000        7.055       17.227
       5.122        0.000        7.055       17.227
       5.222        0.000        7.055       17.227
       5.323        0.000        7.055       17.227
       5.423       29.900        6.930       16.977
       5.523        0.000        7.055       17.227
       5.624        0.000        7.055       17.227
       5.724        0.000        7.055       17.227
       5.824        0.000        7.055       17.227
       5.925       69.600       10.055       20.305
       6.025       29.900       10.055       20.305
       6.126       10.000       10.055       20.305
       6.226        0.000       10.055       20.305
       6.326        0.000       10.055       20.305
       6.427       19.900       10.055       20.305
       6.527       19.900       10.055       20.305
       6.628        0.000       10.055       20.305
       6.728        0.000       10.055       20.305
       6.828       19.900       10.055       20.305
       6.929       39.800       10.055       20.305
       7.029       19.900       10.055       20.305
       7.129        0.000       10.055       20.305
       7.230        0.000       10.055       20.305
       7.330        0.000       10.055       20.305
       7.430       19.900       10.055       20.305
       7.531       29.900       10.055       20.305
       7.631        0.000       10.055       20.305
       7.731        0.000       10.055       20.305
       7.832        0.000       10.055       20.305
       7.933       69.500        7.102       17.980
       8.033       29.900        6.977       17.227
       8.134        0.000        6.977       17.227
       8.234        0.000        6.977       17.227
       8.335        0.000        6.977       17.227
       8.436       19.800        8.227       18.496
       8.536       59.400        8.527       18.754
       8.639       49.000        9.098       19.270
       8.739        9.900        6.938       16.977
       8.840       19.900       10.496       20.820
       8.940       49.600       10.621       20.820
       9.043       49.100       10.621       20.820
       9.143       29.900       10.227       20.305
       9.243        0.000       10.227       20.305
       9.344        0.000       10.227       20.305
       9.444       29.900       10.227       20.305
       9.545       59.800       10.227       20.305
       9.645       10.000       10.227       20.305
       9.745        0.000       10.227       20.305
       9.846       19.900       10.227       20.305
       9.946       29.900       10.227       20.305
      10.047       29.900       10.227       20.305
      10.147        0.000       10.227       20.305
      10.247        0.000       10.227       20.305
      10.348        0.000       10.227       20.305
      10.448       39.800       10.227       20.305
      10.548       39.800       10.227       20.305
      10.649       10.000       10.227       20.305
      10.749        0.000       10.227       20.305
      10.850       10.000       10.227       20.305
      10.950       29.900       10.227       20.305
      11.050       29.800       10.227       20.305
      11.151       29.800       10.227       20.305
      11.251       29.900       10.227       20.305
      11.352        0.000       10.227       20.305
      11.452       29.900       10.227       20.305
      11.553       19.900       10.227       20.305
      11.653       29.900       10.227       20.305
      11.753       10.000       10.227       20.305
      11.854       19.900       10.227       20.305
      11.954       39.800       10.227       20.305
      12.055       49.700       10.227       20.305
      12.155       39.800       10.227       20.305
      12.256        0.000       10.227       20.305
      12.359        0.000       10.227       20.305
      12.460       39.800       10.227       20.305
      12.560       49.600       10.227       20.305
      12.661       29.900       10.227       20.305
      12.761        0.000       10.227       20.305
      12.862       29.800       10.227       20.305
      12.963       39.800       10.227       20.305
      13.063       69.700       10.227       20.305
      13.163       29.900       10.227       20.305
      13.264        0.000       10.227       20.305
      13.364        0.000       10.227       20.305
      13.465       29.900       10.227       20.305
      13.565       29.900       10.227       20.305
      13.665       39.800       10.227       20.305
      13.766       29.900       10.227       20.305
      13.866       29.900       10.227       20.305
      13.967       29.900        9.715       19.785
      14.067       29.900        9.715       19.785
      14.167       10.000        9.715       19.785
      14.268       19.900        9.715       19.785
      14.368       10.000        9.715       19.785
      14.468       39.900        9.715       19.785
      14.569       19.900        9.715       19.785
      14.669       59.800        9.715       19.785
      14.769       19.900        9.715       19.785
      14.870       29.900        9.715       19.785
      14.970       19.900        9.715       19.785
      15.070       39.800        9.715       19.785
      15.171       39.800        9.715       19.785
      15.271       10.000        9.715       19.785
      15.372        0.000        9.715       19.785
      15.472       29.900        9.715       19.785
      15.573       39.800        9.715       19.785
      15.673       39.800        9.715       19.785
      15.774       19.900        9.715       19.785
      15.874       29.900        9.715       19.785
      15.974       39.800        7.109       17.227
      16.075       29.900        7.109       17.227
      16.175       19.900        7.109       17.227
      16.276       39.800        7.242       17.227
      16.376       19.900        6.992       16.977
      16.477       29.900        8.867       19.012
      16.577       49.800        7.242       17.227
      16.677       19.900        7.113       17.227
      16.778       29.900        7.117       17.227
      16.878       39.800        8.461       18.496
      16.979       49.700        7.703       17.727
      17.079       59.700        7.203       17.227
      17.180       19.900        7.078       16.977
      17.280       29.900        7.203       17.227
      17.381       19.900        7.203       17.227
      17.482       39.500        7.953       17.980
      17.582       29.900        7.086       17.477
      17.683       39.800        7.176       17.227
      17.783       39.800        7.207       17.227
      17.884       39.700        7.707       17.727
      17.985       29.800        7.176       17.227
      18.085       49.800        7.203       17.227
      18.185       59.700        7.430       17.477
      18.286       39.800        7.203       17.227
      18.386       10.000        7.457       17.477
      18.487       59.700        7.695       17.727
      18.587       39.800        7.215       17.227
      18.688       19.900        7.715       17.727
      18.788       39.800        7.715       17.727
      18.889       59.700        8.727       18.754
      18.989       49.800        8.367       18.496
      19.089       49.800        7.184       17.227
      19.190       29.900        7.184       17.227
      19.290       19.900        7.059       16.977
      19.391       19.900        7.184       17.227
      19.491       49.800        8.184       18.238
      19.592       29.900        7.570       17.477
      19.692       49.800        7.320       17.227
      19.792       39.900        7.215       17.227
      19.893       39.800        8.219       18.238
      19.993       39.800        7.215       17.227
      20.094       29.900        7.215       17.227
      20.194       49.800        7.215       17.227
      20.294       29.900        7.215       17.227
      20.395       19.900        7.215       17.227
      20.495       29.900        7.590       17.477
      20.596       29.900        7.215       17.227
      20.696       59.800        7.340       17.227
      20.797       49.800        7.590       17.477
      20.897       19.900        7.215       17.227
      20.997       29.900        7.465       17.477
      21.098       49.600        7.090       16.977
      21.199       39.800        7.090       16.977
      21.299       19.900        7.215       17.227
      21.399       49.800        7.090       16.977
      21.500       29.900        7.215       17.227
      21.601       59.500        7.090       16.977
      21.701       49.800        7.840       17.727
      21.802       39.900        7.215       17.227
      21.902       49.800        7.340       17.227
      22.002       19.900        7.215       17.227
      22.103       39.800        7.215       17.227
      22.203       49.800        7.715       17.727
      22.304       39.800        7.449       17.477
      22.404       39.900        7.449       17.477
      22.504       59.800        7.445       17.477
      22.605       39.800        7.211       17.227
      22.705       29.900        7.086       16.977
      22.806       59.700        7.461       17.477
      22.906       19.900        7.211       17.227
      23.007       19.900        7.465       17.477
      23.107       39.800        7.215       17.227
      23.207       39.800        7.215       17.227
      23.308       49.800        7.465       17.477
      23.409       39.700        7.340       17.227
      23.509       19.900        7.215       17.227
      23.609       29.900        7.465       17.477
      23.710       29.900        7.215       17.227
      23.810       29.900        7.215       17.227
      23.911       29.900        7.215       17.227
      24.011       29.900        7.090       16.977
      24.111       10.000        7.215       17.227
      24.212       39.900        7.340       17.227
      24.312       39.800        7.215       17.227
      24.413       49.800        7.938       17.980
      24.513       59.700        7.160       17.227
      24.613       29.900        7.160       17.227
      24.714       29.900        7.062       16.977
      24.814       39.800        7.438       17.477
      24.915       49.700        7.438       17.477
      25.015       39.800        7.188       17.227
      25.116       39.800        8.438       18.496
      25.216       49.800        7.688       17.727
      25.317       29.900        7.062       16.977
      25.417       49.800        7.215       17.227
      25.517       10.000        7.215       17.227
      25.618       29.900        7.215       17.227
      25.718       39.900        7.215       17.227
      25.818       39.800        7.965       17.980
      25.919       39.800        7.090       16.977
      26.019       29.900        7.215       17.227
      26.120       29.900        7.215       17.227
      26.220       39.800        7.215       17.227
      26.320       39.800        7.090       16.977
      26.421       29.900        7.090       16.977
      26.521       19.900        7.090       16.977
      26.622       29.900        7.090       16.977
      26.722       39.900        7.090       16.977
      26.823       29.900        7.715       17.727
      26.923       39.800        7.215       17.227
      27.023       49.800        8.715       18.754
      27.124       49.800        7.664       17.727
      27.224       29.900        7.191       17.227
      27.325       39.800        7.066       16.977
      27.425       39.800        7.941       17.980
      27.526       49.700        7.191       17.227
      27.626       39.800        7.441       17.477
      27.727       39.800        8.691       18.754
      27.827       59.700        7.191       17.227
      27.928       49.800        7.191       17.227
      28.028       19.900        7.441       17.477
      28.128       29.900        7.215       17.227
      28.229       19.900        7.715       17.727
      28.329       49.800        7.961       17.980
      28.430       39.800        7.207       17.227
      28.530       49.800        7.207       17.227
      28.630       29.900        7.207       17.227
      28.731       19.900        7.211       17.227
      28.831       49.800        7.215       17.227
      28.932       19.900        7.215       17.227
      29.032       19.900        7.215       17.227
      29.133       39.800        7.215       17.227
      29.233       29.900        7.211       17.227
      29.333       29.900        7.211       17.227
      29.434       49.700        7.711       17.727
      29.534       29.800        7.711       17.727
      29.635       49.800        8.461       18.496
      29.735       49.800        7.199       17.227
      29.836       49.800        7.211       17.227
      29.936       29.900        7.461       17.727
      30.037       39.800        7.461       17.477
      30.137       69.700        8.711       18.754
      30.238       39.800        7.461       17.477
      30.338       39.800        7.449       17.477
      30.438       59.800        7.457       17.477
      30.539       39.800        7.086       16.977
      30.639       19.900        7.086       16.977
      30.740       29.900        7.711       17.727
      30.840       39.800        7.336       17.227
      30.941       49.800        7.211       17.227
      31.041       49.800        7.461       17.477
      31.141       39.800        7.211       17.227
      31.242       19.900        7.211       17.227
      31.342       39.800        7.461       17.477
      31.443       39.800        7.207       17.227
      31.543       10.000        7.211       17.227
      31.643       39.800        7.211       17.227
      31.744       29.900        7.211       17.227
      31.844       19.900        7.211       17.227
      31.945       29.900        7.211       17.227
      32.045       49.800        7.711       17.727
      32.145       29.900        7.461       17.477
      32.246       59.700        7.086       17.227
      32.346       29.900        7.215       17.227
      32.447       39.800        7.215       17.227
      32.547       49.800        7.215       17.227
      32.648       19.900        7.215       17.227
      32.749       49.500        8.207       18.238
      32.855       37.200        8.191       18.238
      32.957       29.700        7.078       16.977
      33.060       38.900        7.645       17.727
      33.160       49.700        7.113       17.227
      33.261       39.700        7.074       16.977
      33.363       39.200        8.457       18.496
      33.464       49.700        7.227       17.227
      33.564       49.800        7.320       17.227
      33.664       49.700        8.215       18.238
      33.765       49.700        7.203       17.227
      33.866       49.800        7.965       17.980
      33.966       59.600        7.965       17.980
      34.067       49.600        7.453       17.477
      34.168       39.800        7.316       17.227
      34.269       59.100        7.199       17.227
      34.370       29.700        7.703       17.727
      34.471       59.400        7.211       17.227
      34.572       49.600        7.465       17.477
      34.673       59.700        7.465       17.477
      34.773       39.800        7.465       17.477
      34.874       29.800        7.215       17.227
      34.974       49.800        7.203       17.227
      35.074       49.800        7.938       17.980
      35.175       39.800        7.199       17.227
      35.275       29.900        7.074       16.977
      35.376       19.900        7.199       17.227
      35.479        9.700        7.199       17.227
      35.579       10.000        7.199       17.227
      35.680       19.900        7.199       17.227
      35.780       49.700        7.090       16.977
      35.881       49.700        7.961       17.980
      35.981       19.900        7.203       17.227
      36.082       49.700        7.457       17.477
      36.183       39.800        7.465       17.477
      36.283       49.700        7.215       17.227
      36.384       39.800        7.215       17.227
      36.485       49.400        7.711       17.727
      36.585       59.700        7.590       17.477
      36.687       49.000        7.211       17.227
      36.788       59.600        8.695       18.754
      36.888       39.800        7.922       17.980
      36.989       39.800        7.176       17.227
      37.094       38.000        7.074       16.977
      37.196       49.000        7.438       17.477
      37.297       39.700        7.188       17.477
      37.397       39.800        7.402       17.477
      37.498       39.900        8.148       18.238
      37.598       49.800        8.203       18.238
      37.698       69.800        7.938       17.980
      37.799       59.800        7.816       17.746
      37.899       39.800        7.684       17.727
      38.000       29.900        7.188       17.227
      38.100       19.900        7.188       17.227
      38.201        9.900        7.199       17.227
      38.302       29.800        7.211       17.227
      38.404       49.100        7.711       17.727
      38.508       38.400        7.957       17.980
      38.610       49.100        8.211       18.238
      38.711       39.700        7.453       17.477
      38.812       59.600        8.215       18.238
      38.912       49.800        7.699       17.727
      39.012       69.700        7.434       17.477
      39.113       39.800        7.438       17.477
      39.213       39.800        7.684       17.727
      39.314       59.700        7.188       17.227
      39.414       59.700        7.340       17.227
      39.515       59.400        7.090       16.977
      39.616       39.700        6.969       16.977
      39.716       29.800        6.969       16.977
      39.817       39.500        7.594       17.727
      39.919       49.500        7.324       17.477
      40.019       49.800        7.324       17.477
      40.120       59.700        7.965       18.238
      40.220       49.800        7.078       17.227
      40.322       49.000        7.938       17.980
      40.423       39.600        7.184       17.227
      40.524       49.600        7.188       17.227
      40.624       59.700        8.676       18.754
      40.725       59.700        7.184       17.227
      40.829       28.700        7.688       17.727
      40.930       39.700        7.195       17.227
      41.031       49.800        7.320       17.227
      41.132       29.700        7.320       17.227
      41.232       49.700        7.195       17.227
      41.333       29.600        7.195       17.227
      41.436       39.000        7.945       17.980
      41.544       37.000        7.387       17.477
      41.645       29.800        6.926       17.227
      41.746       58.400        6.859       16.977
      41.849       39.400        8.613       18.754
      41.951       58.700        9.996       20.305
      42.052       49.700       13.621       23.934
      42.157       47.800       13.621       23.934
      42.257       29.800       13.621       23.934
      42.358       49.600       13.621       23.934
      42.460       39.300       13.621       23.934
      42.560       39.800       13.621       23.934
      42.661       59.700       13.621       23.934
      42.761       49.700       13.621       23.934
      42.862       49.700       13.621       23.934
      42.963       49.400       13.621       23.934
      43.064       49.700       13.621       23.934
      43.164       49.500       13.621       23.934
      43.266       39.400       13.621       23.934
      43.367       49.700       13.621       23.934
      43.467       59.600       13.621       23.934
      43.568       49.700       13.621       23.934
      43.669       59.300       13.621       23.934
      43.771       48.900       13.621       23.934
      43.875       38.700       13.621       23.934
      43.975       39.700       13.621       23.934
      44.076       39.500       13.621       23.934
      44.178       39.600       13.621       23.934
      44.278       49.600       13.621       23.934
      44.379       39.600       13.621       23.934
      44.480       39.700       13.621       23.934
      44.583       58.400       13.621       23.934
      44.684       29.700       13.621       23.934
      44.786       49.000       13.621       23.934
      44.888       39.200       13.621       23.934
      44.988       39.800       13.621       23.934
      45.090       49.100       13.621       23.934
      45.191       49.700       13.621       23.934
      45.291       39.800       13.621       23.934
      45.392       10.000       13.621       23.934
      45.492       59.400       13.621       23.934
      45.594       49.500       13.621       23.934
      45.695       39.400       13.621       23.934
      45.796       39.700       13.621       23.934
      45.897       59.500       13.621       23.934
      45.999       39.400       13.621       23.934
      46.099       59.300       13.621       23.934
      46.202       58.800       13.621       23.934
      46.302       39.600       13.621       23.934
      46.403       39.700       13.621       23.934
      46.504       49.500       13.621       23.934
      46.605       39.700       13.621       23.934
      46.706       59.500       13.621       23.934
      46.808       48.900       13.621       23.934
      46.909       49.400       13.621       23.934
      47.010       39.800       13.621       23.934
      47.111       39.300       13.621       23.934
      47.214       39.100       13.621       23.934
      47.315       49.400       10.715       20.820
      47.416       39.800       10.715       20.820
      47.519       48.800       10.715       20.820
      47.620       48.800       10.715       20.820
      47.725       28.800       10.715       20.820
      47.829       48.100       10.715       20.820
      47.930       39.600       10.715       20.820
      48.030       39.700       10.715       20.820
      48.132       39.600       10.715       20.820
      48.232       49.800       10.715       20.820
      48.333       49.700       10.715       20.820
      48.433       59.800       10.715       20.820
      48.534       49.700       10.715       20.820
      48.634       49.600       10.715       20.820
      48.735       59.700       10.715       20.820
      48.835       39.800       10.715       20.820
      48.936       49.700       10.715       20.820
      49.036       39.800       10.715       20.820
      49.137       49.500       10.715       20.820
      49.239       49.500       10.715       20.820
      49.339       49.700       10.715       20.820
      49.440       49.800       10.715       20.820
      49.540       19.900       10.715       20.820
      49.641       29.700       10.715       20.820
      49.742       49.800       10.715       20.820
      49.842       49.800       10.715       20.820
      49.942       49.800       10.715       20.820
      50.043       49.700       10.715       20.820
      50.144       39.800       10.715       20.820
      50.244       29.800       10.715       20.820
      50.345       59.700       10.715       20.820
      50.445       49.800       10.715       20.820
      50.546       49.700       10.715       20.820
      50.649       29.200       10.715       20.820
      50.749       29.800       10.715       20.820
      50.850       49.700       10.715       20.820
      50.950       39.700       10.715       20.820
      51.051       39.800       10.715       20.820
      51.152       39.700       10.715       20.820
      51.252       49.700       10.715       20.820
      51.353       49.700       10.715       20.820
      51.454       49.500       10.715       20.820
      51.554       49.600       10.715       20.820
      51.655       49.800       10.715       20.820
      51.755       49.800       10.715       20.820
      51.856       59.700       10.715       20.820
      51.956       59.700       10.715       20.820
      52.057       49.700       10.715       20.820
      52.157       49.700       10.715       20.820
      52.258       19.900       10.715       20.820
      52.358       29.900       10.715       20.820
      52.459       39.500       10.715       20.820
      52.560       59.600       10.715       20.820
      52.661       29.800       10.715       20.820
      52.761       39.800       10.715       20.820
      52.862       29.700       10.715       20.820
      52.963       49.700       10.715       20.820
      53.063       39.800       10.715       20.820
      53.164       59.700       10.715       20.820
      53.264       19.900       10.715       20.820
      53.364       29.900       10.715       20.820
      53.465       39.800       10.715       20.820
      53.565       39.800       10.715       20.820
      53.667       29.500       10.715       20.820
      53.767       39.800       10.715       20.820
      53.868       49.700       10.715       20.820
      53.968       49.600       10.715       20.820
      54.070       39.500       10.715       20.820
      54.172       29.300       10.715       20.820
      54.273       39.600       10.715       20.820
      54.373       49.700       10.715       20.820
      54.477       29.000       10.715       20.820
      54.578       39.600       10.715       20.820
      54.679       39.800       10.715       20.820
      54.779       49.700       10.715       20.820
      54.880       69.600       10.715       20.820
      54.980       59.700       10.715       20.820
      55.082       49.200       10.715       20.820
      55.183       59.700       10.715       20.820
      55.283       39.800       10.715       20.820
      55.384       49.700       10.715       20.820
      55.484       49.700       10.715       20.820
      55.586       49.300       10.715       20.820
      55.687       39.600       10.715       20.820
      55.787       39.800       10.715       20.820
      55.890       39.100       10.715       20.820
      55.991       49.000       10.715       20.820
      56.093       39.600       10.715       20.820
      56.194       49.400       10.715       20.820
      56.298       48.200       10.715       20.820
      56.401       48.100       10.715       20.820
      56.502       39.700       10.715       20.820
      56.603       39.800       10.715       20.820
      56.703       49.600       10.715       20.820
      56.805       19.500       10.715       20.820
      56.908       39.200       10.715       20.820
      57.009       49.400       10.715       20.820
      57.110       39.700        9.340       20.820
      57.212       49.200        9.340       20.820
      57.312       49.700        9.340       20.820
      57.413       39.800        9.340       20.820
      57.514       59.300        9.340       20.820
      57.615       59.300        9.340       20.820
      57.718       48.700        9.340       20.820
      57.818       39.800        9.340       20.820
      57.919       49.400        9.340       20.820
      58.020       59.600        9.340       20.820
      58.122       39.100        9.340       20.820
      58.224       49.400        9.215       20.820
      58.328       38.400        9.215       20.820
      58.428       49.700        9.215       20.820
      58.529       39.800        9.215       20.820
      58.629       39.800        9.215       20.820
      58.730       49.800        9.215       20.820
      58.831       49.600        9.215       20.820
      58.931       49.500        9.215       20.820
      59.032       69.500        9.215       20.820
      59.133       49.600        9.215       20.820
      59.235       69.000        9.215       20.820
      59.336       49.300        5.500       16.977
      59.438       59.000        7.078       18.754
      59.538       39.800        6.566       18.238
      59.640       59.200        6.402       17.980
      59.741       49.300        6.168       17.727
      59.842       29.800        6.148       17.727
      59.945       48.500        6.457       17.980
      60.045       59.400        6.574       18.238
      60.147       49.400        5.895       17.477
      60.251       38.200        7.020       18.496
      60.352       39.500        7.273       18.754
      60.457       57.500        8.266       19.785
      60.558       29.800        5.957       17.477
      60.661       38.700        6.184       17.727
      60.762       39.800        7.176       18.504
      60.862       59.700        9.051       20.562
      60.964       48.900        9.051       20.562
      61.065       59.600        9.051       20.562
      61.169       38.400        6.004       17.477
      61.271       59.100        6.715       17.980
      61.373       58.800        8.051       19.527
      61.473       39.800        5.801       17.227
      61.574       59.700        7.777       19.270
      61.675       39.700        7.281       18.754
      61.776       39.400        6.984       18.496
      61.878       59.100        7.000       18.496
      61.979       49.100        7.500       19.012
      62.080       59.500        7.270       18.754
      62.181       39.700        5.785       17.227
      62.284       48.700        7.270       18.754
      62.385       49.600        7.449       19.012
      62.488       58.200        7.664       19.246
      62.588       49.600        7.043       18.500
      62.689       39.800        7.527       19.012
      62.790       39.800        6.273       17.727
      62.890       49.800        7.336       18.754
      62.991       59.100        6.480       17.980
      63.092       59.700        6.125       17.727
      63.195       58.300        6.547       17.980
      63.295       49.800        6.066       17.477
      63.396       49.700        7.316       18.754
      63.497       49.700        7.047       18.496
      63.597       39.800        6.801       18.238
      63.698       49.600        7.070       18.496
      63.802       57.600        7.031       18.496
      63.903       49.500        7.715       19.270
      64.004       49.700        5.820       17.227
      64.104       49.700        9.934       21.598
      64.205       49.400        8.371       19.785
      64.307       49.300        8.371       19.785
      64.408       59.600        8.496       20.043
      64.508       59.600        8.113       19.535
      64.609       59.400        8.113       19.535
      64.711       59.100        8.113       19.535
      64.812       39.800        8.113       19.535
      64.912       49.800        8.113       19.535
      65.013       49.700        8.113       19.535
      65.113       59.300        8.113       19.535
      65.215       49.500        8.113       19.535
      65.316       49.400        8.113       19.535
      65.417       59.700        8.113       19.535
      65.517       49.800        8.113       19.535
      65.617       49.800        8.113       19.535
      65.718       59.700        8.113       19.535
      65.818       39.800        8.113       19.535
      65.919       59.700        8.113       19.535
      66.019       19.900        8.113       19.535
      66.120       39.800        8.113       19.535
      66.220       19.900        8.113       19.535
      66.321       19.900        8.113       19.535
      66.421       10.000        8.113       19.535
      66.521       29.900        8.113       19.535
      66.622       19.900        8.113       19.535
      66.722       29.900        8.113       19.535
      66.823       29.900        8.113       19.535
      66.923       39.900        8.113       19.535
      67.023       49.800        8.113       19.535
      67.124       49.800        8.113       19.535
      67.224       49.800        8.113       19.535
      67.325       10.000        8.113       19.535
      67.425       49.800        8.113       19.535
      67.526       59.700        8.113       19.535
      67.626       39.800        8.113       19.535
      67.727       29.800        8.113       19.535
      67.827       49.800        8.113       19.535
      67.928       19.900        8.113       19.535
      68.028       49.800        8.238       19.785
      68.129       39.800        8.238       19.785
      68.229       29.700        8.238       19.785
      68.330       49.800        8.238       19.785
      68.430       49.800        8.238       19.785
      68.531       39.800        8.238       19.785
      68.632       39.400        8.238       19.785
      68.733       49.500        8.238       19.785
      68.838       38.300        8.238       19.785
      68.938       39.800        8.238       19.785
      69.039       49.800        8.238       19.785
      69.139       39.800        8.238       19.785
      69.239       29.900        8.238       19.785
      69.340       19.900        8.238       19.785
      69.440       29.800        8.238       19.785
      69.541       59.700        8.238       19.785
      69.642       39.700        8.238       19.785
      69.742       49.700        8.238       19.785
      69.843       29.900        8.238       19.785
      69.943       59.700        8.238       19.785
      70.044       39.800        8.238       19.785
      70.144       39.800        8.238       19.785
      70.244       59.700        8.238       19.785
      70.345       59.600        8.238       19.785
      70.446       59.600        8.238       19.785
      70.546       39.800        8.238       19.785
      70.646       29.900        8.238       19.785
      70.747       49.700        8.238       19.785
      70.847       19.900        8.238       19.785
      70.951       38.800        8.238       19.785
      71.051       29.900        8.238       19.785
      71.152       49.700        8.238       19.785
      71.252       49.800        8.238       19.785
      71.353       39.800        8.238       19.785
      71.453       29.900        8.238       19.785
      71.553       29.900        8.238       19.785
      71.654       29.900        8.238       19.785
      71.754       39.800        8.238       19.785
      71.855       29.900        8.238       19.785
      71.955       19.900        8.238       19.785
      72.055       29.900        8.238       19.785
      72.156       29.900        8.238       19.785
      72.256       29.900        8.238       19.785
      72.357       19.900        8.238       19.785
      72.457       29.900        8.238       19.785
      72.559       39.300        8.238       19.785
      72.660       39.800        8.238       19.785
      72.760       49.700        8.238       19.785
      72.861       39.800        8.238       19.785
      72.961       39.800        8.238       19.785
      73.062       49.700        8.238       19.785
      73.162       29.800        8.238       19.785
      73.263       69.600        8.238       19.785
      73.363       49.700        8.238       19.785
      73.464       69.700        8.238       19.785
      73.565       49.700        8.238       19.785
      73.666       39.600        8.238       19.785
      73.766       39.800        8.238       19.785
      73.866       59.700        8.238       19.785
      73.967       29.800        8.238       19.785
      74.067       29.900        8.238       19.785
      74.168       19.900        8.238       19.785
      74.268       39.700        8.238       19.785
      74.369       29.900        8.238       19.785
      74.470       39.800        8.238       19.785
      74.570       10.000        8.238       19.785
      74.670       39.900        8.238       19.785
      74.771       39.900        8.238       19.785
      74.871       19.900        8.238       19.785
      74.971       19.900        8.238       19.785
      75.072       29.900        8.238       19.785
      75.172       29.900        8.238       19.785
      75.273       29.900        8.238       19.785
      75.373       10.000        8.238       19.785
      75.474       39.800        8.238       19.785
      75.574       29.900        8.238       19.785
      75.674       39.800        8.238       19.785
      75.775       39.800        8.238       19.785
      75.875       39.800        8.238       19.785
      75.976       39.800        8.238       19.785
      76.076       49.700        8.238       19.785
      76.178       49.100        8.238       19.785
      76.280       48.800        8.988       20.562
      76.381       49.600        8.988       20.562
      76.483       59.300        9.234       20.555
      76.583       49.500        9.234       20.555
      76.685       59.300        9.234       20.555
      76.785       59.700       10.859       22.305
      76.888       48.600        9.277       20.555
      76.989       49.800        9.277       20.555
      77.089       39.800        8.004       19.281
      77.190       49.800        8.004       19.281
      77.290       59.700        8.129       19.531
      77.391       49.800        8.004       19.289
      77.491       49.700        8.004       19.289
      77.592       49.800        8.004       19.289
      77.692       49.700        8.004       19.289
      77.793       49.800        8.004       19.289
      77.893       59.700        8.004       19.289
      77.994       39.800        8.004       19.289
      78.094       49.800        8.004       19.289
      78.195       19.900        8.004       19.289
      78.295       39.800        8.004       19.289
      78.395       29.900        8.004       19.289
      78.496       19.900        8.004       19.289
      78.596       10.000        8.004       19.289
      78.697       19.900        8.004       19.289
      78.797       19.900        8.004       19.289
      78.897       19.900        8.004       19.289
      78.998       19.900        8.004       19.289
      79.098       29.900        8.004       19.289
      79.198       39.800        8.004       19.289
      79.299       39.800        8.004       19.289
      79.399       29.900        8.004       19.289
      79.500       29.900        8.004       19.289
      79.600       49.800        8.004       19.289
      79.701       49.800        8.004       19.289
      79.801       39.800        8.004       19.289
      79.901       59.700        8.004       19.289
      80.002       59.700        8.004       19.289
      80.102       59.700        8.004       19.289
      80.203       39.800        8.004       19.289
      80.303       49.700        8.004       19.289
      80.404       49.800        8.004       19.289
      80.504       59.700        8.004       19.289
      80.605       49.800        8.004       19.289
      80.705       29.900        8.004       19.289
      80.806       29.900        8.004       19.289
      80.906       39.800        8.004       19.289
      81.006       10.000        8.004       19.289
      81.107       10.000        8.004       19.289
      81.207       19.900        8.004       19.289
      81.308       19.900        8.004       19.289
      81.408       19.900        8.004       19.289
      81.508       29.900        8.004       19.289
      81.609       19.900        8.004       19.289
      81.709       19.800        8.004       19.289
      81.810       39.700        8.004       19.289
      81.911       39.800        8.004       19.289
      82.011       19.900        8.004       19.289
      82.112       29.800        8.004       19.289
      82.212       49.800        8.004       19.289
      82.312       49.800        8.004       19.289
      82.413       49.700        8.004       19.289
      82.513       29.800        8.004       19.289
      82.614       49.800        8.004       19.289
      82.717       39.000        8.004       19.289
      82.817       39.800        8.004       19.289
      82.918       39.800        8.004       19.289
      83.018       49.700        8.004       19.289
      83.119       59.500        8.004       19.289
      83.219       59.700        8.004       19.289
      83.320       59.600        8.004       19.289
      83.421       59.700        8.004       19.289
      83.521       69.700        8.004       19.289
      83.621       49.800        8.004       19.289
      83.722       10.000        8.004       19.289
      83.822       19.900        8.004       19.289
      83.923       29.900        8.004       19.289
      84.023       19.900        8.004       19.289
      84.123       19.900        8.004       19.289
      84.224       10.000        8.004       19.289
      84.324       29.800        8.004       19.289
      84.425       39.800        8.004       19.289
      84.526       39.700        8.004       19.289
      84.626       39.700        8.004       19.289
      84.728       49.400        8.004       19.289
      84.828       49.700        8.004       19.289
      84.930       39.300        8.004       19.289
      85.033       58.400        8.004       19.289
      85.133       29.800        8.004       19.289
      85.234       29.700        8.004       19.289
      85.335       59.500        8.004       19.289
      85.437       39.500        8.004       19.289
      85.537       39.800        8.004       19.289
      85.637       39.800        8.004       19.289
      85.738       49.800        8.004       19.289
      85.838       49.700        8.004       19.289
      85.939       49.700        8.004       19.289
      86.039       39.800        8.004       19.289
      86.140       59.700        8.004       19.289
      86.241       49.600        8.004       19.289
      86.341       49.800        8.004       19.289
      86.442       39.800        8.004       19.289
      86.542       49.800        8.004       19.289
      86.643       49.800        8.004       19.289
      86.743       10.000        8.004       19.289
      86.843       29.900        8.004       19.289
      86.944       19.900        8.004       19.289
      87.044       19.900        8.004       19.289
      87.145       39.800        8.004       19.289
      87.245       19.900        8.004       19.289
      87.346       39.800        8.004       19.289
      87.446       19.900        8.004       19.289
      87.547       39.800        8.004       19.289
      87.647       29.900        8.004       19.289
      87.747       10.000        8.004       19.289
      87.848       19.900        8.004       19.289
      87.948       19.900        8.004       19.289
      88.049       39.800        8.004       19.289
      88.149       49.800        8.004       19.289
      88.250       59.700        8.004       19.289
      88.350       59.700        8.004       19.289
      88.451       39.800        8.004       19.289
      88.551       29.900        8.004       19.289
      88.652       49.800        8.004       19.289
      88.752       29.900        8.004       19.289
      88.852       49.800        8.004       19.289
      88.953       69.600        8.004       19.289
      89.053       59.700        8.004       19.289
      89.154       69.600        8.004       19.289
      89.254       49.800        8.004       19.289
      89.355       19.900        8.004       19.289
      89.455       29.900        8.004       19.289
      89.556       19.900        8.004       19.289
      89.656       29.900        8.004       19.289
      89.757       29.800        8.004       19.289
      89.857       59.700        8.004       19.289
      89.958       29.900        8.004       19.289
      90.058       29.900        8.004       19.289
      90.158       39.900        8.004       19.289
      90.259       10.000        8.004       19.289
      90.359       19.900        8.004       19.289
      90.460       19.900        8.004       19.289
      90.560       39.800        8.004       19.289
      90.661       29.800        8.004       19.289
      90.761       49.600        8.004       19.289
      90.862       39.800        8.004       19.289
      90.962       69.600        8.004       19.289
      91.063       69.700        8.004       19.289
      91.163       29.900        8.004       19.289
      91.264       39.800        8.004       19.289
      91.364       29.900        8.004       19.289
      91.465       59.700        8.004       19.289
      91.566       49.600        8.004       19.289
      91.668       39.200        8.004       19.289
      91.768       39.800        8.004       19.289
      91.869       39.700        8.004       19.289
      91.970       39.800        8.004       19.289
      92.070       39.800        8.004       19.289
      92.170       59.700        8.004       19.289
      92.271       19.900        8.004       19.289
      92.371       49.800        8.004       19.289
      92.472       39.800        8.004       19.289
      92.572       29.900        8.004       19.289
      92.673       29.900        8.004       19.289
      92.773       39.800        8.004       19.289
      92.874       10.000        8.004       19.289
      92.974       19.900        8.004       19.289
      93.074       29.900        8.004       19.289
      93.175       19.900        8.004       19.289
      93.275       39.800        8.004       19.289
      93.376       39.800        8.004       19.289
      93.476       49.700        8.004       19.289
      93.577       49.700        8.004       19.289
      93.677       49.800        8.004       19.289
      93.778       39.800        8.004       19.289
      93.878       39.800        8.004       19.289
      93.978       29.900        8.004       19.289
      94.079       49.800        8.004       19.289
      94.179       19.900        8.004       19.289
      94.280       19.900        8.004       19.289
      94.380       59.700        8.004       19.289
      94.480       39.800        8.004       19.289
      94.581       39.900        8.004       19.289
      94.681       49.700        8.004       19.289
      94.782       49.700        8.004       19.289
      94.883       39.800        8.004       19.289
      94.983       59.400        8.004       19.289
      95.084       49.600        8.004       19.289
      95.185       49.700        8.004       19.289
      95.285       49.800        8.004       19.289
      95.386       39.800        8.004       19.289
      95.486       19.900        8.004       19.289
      95.587       29.800        8.004       19.289
      95.687       19.900        8.004       19.289
      95.788       29.900        8.004       19.289
      95.888       39.800        8.004       19.289
      95.989       29.800        8.004       19.289
      96.089       49.700        8.004       19.289
      96.190       39.800        8.004       19.289
      96.291       49.600        8.004       19.289
      96.391       39.800        8.004       19.289
      96.492       39.800        8.004       19.289
      96.592       49.800        8.004       19.289
      96.693       39.800        8.004       19.289
      96.793       59.700        8.004       19.289
      96.894       29.900        8.004       19.289
      96.994       39.800        8.004       19.289
      97.095       29.900        8.004       19.289
      97.195       29.900        8.004       19.289
      97.295       29.900        8.004       19.289
      97.396       39.800        8.004       19.289
      97.496       39.800        8.004       19.289
      97.597       49.700        8.004       19.289
      97.697       39.800        8.004       19.289
      97.798       39.800        8.004       19.289
      97.898       39.900        8.004       19.289
      97.998       39.900        8.004       19.289
      98.099       10.000        8.004       19.289
      98.199       19.900        8.004       19.289
      98.300       29.900        8.004       19.289
      98.400       39.800        8.004       19.289
      98.500       29.900        8.004       19.289
      98.601       39.800        8.004       19.289
      98.701       39.800        8.004       19.289
      98.802       59.600        8.004       19.289
      98.903       19.800        8.004       19.289
      99.004       29.800        8.004       19.289
      99.104       39.800        8.004       19.289
      99.205       39.800        8.004       19.289
      99.305       39.800        8.004       19.289
      99.406       49.800        8.004       19.289
      99.506       49.800        8.004       19.289
      99.607       19.900        8.004       19.289
      99.707       29.900        8.004       19.289
      99.809       39.300        8.004       19.289
      99.909       49.700        5.703       16.977
