# Elapsed time   CPU (%)     Real (MB)   Virtual (MB)
       0.001        0.000        6.520       58.023
       0.101        0.000        6.520       58.023
       0.201        0.000        6.520       58.023
       0.302        0.000        6.520       58.023
       0.402        0.000        6.520       58.023
       0.502        0.000        6.520       58.023
       0.603        0.000        6.520       58.023
       0.703        0.000        6.520       58.023
       0.804       19.900        6.496       58.000
       0.904        0.000        6.496       58.000
       1.005        0.000        6.496       58.000
       1.105        0.000        6.496       58.000
       1.206        0.000        6.496       58.000
       1.306        0.000        6.496       58.000
       1.407        0.000        6.496       58.000
       1.507        0.000        6.496       58.000
       1.608        0.000        6.496       58.000
       1.708        0.000        6.496       58.000
       1.809       19.900        6.535       58.250
       1.909        0.000        6.535       58.250
       2.010        0.000        6.535       58.250
       2.110        0.000        6.535       58.250
       2.211        0.000        6.535       58.250
       2.312        0.000        6.535       58.250
       2.412        0.000        6.535       58.250
       2.513        0.000        6.535       58.250
       2.613        0.000        6.535       58.250
       2.714        0.000        6.535       58.250
       2.815       19.900        5.445       56.949
       2.915        0.000        5.445       56.949
       3.016        0.000        5.445       56.949
       3.116        0.000        5.445       56.949
       3.216        0.000        5.445       56.949
       3.317       29.900        5.445       57.199
       3.417       79.700        5.445       57.199
       3.518      109.700        5.445       57.199
       3.618       99.700        5.445       57.199
       3.718       10.000        5.445       57.199
       3.819       19.900        5.445       56.949
       3.919        0.000        5.445       56.949
       4.020        0.000        5.445       56.949
       4.120        0.000        5.445       56.949
       4.221        0.000        5.445       56.949
       4.321       59.700        5.445       57.199
       4.422       99.700        5.445       57.199
       4.522       99.700        5.594       58.199
       4.622        0.000        5.445       56.949
       4.723        0.000        5.445       56.949
       4.823       79.700        5.648       58.199
       4.924       89.700        5.648       58.199
       5.024       99.600        5.445       56.949
       5.124        0.000        5.445       56.949
       5.225        0.000        5.445       56.949
       5.325       19.900        5.445       57.199
       5.426       49.800        5.445       56.949
       5.526        0.000        5.445       56.949
       5.627        0.000        5.445       56.949
       5.727        0.000        5.445       56.949
       5.827       49.800        5.445       57.199
       5.928        9.900        5.445       57.199
       6.029       59.700        5.445       56.949
       6.129        0.000        5.445       56.949
       6.230        0.000        5.445       56.949
       6.330       10.000        5.445       56.949
       6.431       10.000        5.445       57.199
       6.531        0.000        5.445       57.199
       6.631        0.000        5.445       57.199
       6.732        0.000        5.445       57.199
       6.833       29.900        5.445       57.199
       6.933        0.000        5.445       57.199
       7.033        0.000        5.445       57.199
       7.134       59.700        5.445       57.199
       7.235        0.000        5.445       57.199
       7.335       10.000        5.445       57.199
       7.435       10.000        5.445       57.199
       7.536        0.000        5.445       57.199
       7.637        0.000        5.445       57.199
       7.737        0.000        5.445       57.199
       7.837       29.900        5.445       57.199
       7.938       29.900        5.445       57.199
       8.038       39.800        5.445       57.199
       8.139        0.000        5.445       57.199
       8.239        0.000        5.445       57.199
       8.340       19.900        5.445       57.199
       8.440       99.700        5.445       57.199
       8.540       99.700        5.445       57.199
       8.641       99.700        5.445       57.199
       8.741       99.700        5.445       57.199
       8.841       99.700        5.445       57.199
       8.942       99.700        5.445       57.199
       9.042       99.700        5.445       57.199
       9.142       99.700        5.445       57.199
       9.242       99.700        5.445       57.199
       9.343       99.700        5.445       57.199
       9.443      109.700        5.445       57.199
       9.543       89.700        5.445       57.199
       9.644       99.700        5.445       57.199
       9.744       99.700        5.445       57.199
       9.844       99.700        5.445       57.199
       9.945       99.700        5.445       57.199
      10.045       99.700        5.445       57.199
      10.145       99.700        5.445       57.199
      10.246      109.700        5.445       57.199
      10.346       89.700        5.445       57.199
      10.446       99.700        5.445       57.199
      10.546       99.700        5.445       57.199
      10.647      109.700        5.445       57.199
      10.747       99.700        5.445       57.199
      10.847       99.700        5.445       57.199
      10.948       99.600        9.824       71.496
      11.048       89.700       11.184       76.055
      11.148       89.600       11.184       76.055
      11.249        0.000       11.184       76.055
      11.350        0.000       11.184       76.055
      11.450       10.000       11.184       76.055
      11.551        0.000       11.184       76.055
      11.651        0.000       11.184       76.055
      11.752        0.000       11.184       76.055
      11.852       49.700       11.184       76.055
      11.952      109.700       11.184       76.055
      12.053       99.700       11.184       76.055
      12.153       89.700       11.184       76.055
      12.253       99.700       11.184       76.055
      12.354      109.700       11.184       76.055
      12.454       89.700       11.184       76.055
      12.554      109.700       11.184       76.055
      12.655       99.700       11.184       76.055
      12.755       89.700       11.184       76.055
      12.855      109.600       11.184       76.055
      12.956       99.700       11.184       76.055
      13.056       99.700       11.184       76.055
      13.156       89.700       11.184       76.055
      13.256      109.700       11.184       76.055
      13.357       99.700       11.184       76.055
      13.457       99.700       11.184       76.055
      13.557       99.700       11.184       76.055
      13.658       99.700       11.184       76.055
      13.758       99.700       11.184       76.055
      13.858       99.700       11.184       76.055
      13.959       99.700       11.184       76.055
      14.059       99.700       11.184       76.055
      14.159       99.700       11.184       76.055
      14.260       99.700       11.184       76.055
      14.360      109.700       11.184       76.055
      14.460       69.800       13.758       79.527
      14.560       99.600       16.594       96.777
      14.661      109.600       13.656       76.027
      14.761       10.000       13.656       76.027
      14.862       29.800       13.656       76.027
      14.962        0.000       13.656       76.027
      15.063        0.000       13.656       76.027
      15.163        0.000       13.656       76.027
      15.264        0.000       13.656       76.027
      15.365        0.000       13.656       76.027
      15.465        0.000       13.656       76.027
      15.565        0.000       13.656       76.027
      15.666        0.000       13.656       76.027
      15.767        0.000       13.656       76.027
      15.867       29.900       13.656       76.027
      15.968        0.000       13.656       76.027
      16.068        0.000       13.656       76.027
      16.169       39.800       13.656       76.027
      16.269       99.700       13.656       76.027
      16.369       99.700       13.656       76.027
      16.470       99.600       13.656       76.027
      16.570       49.700       13.656       76.027
      16.671        0.000       13.656       76.027
      16.771        0.000       13.656       76.027
      16.872       19.900       13.656       76.027
      16.972       39.800       13.656       76.027
      17.073       39.900       13.656       76.027
      17.173       89.700       13.656       76.027
      17.273      109.600       13.656       76.027
      17.374       99.700       13.656       76.027
      17.474       89.700       13.656       76.027
      17.574       99.700       13.656       76.027
      17.675      109.700       13.656       76.027
      17.775       89.700       13.656       76.027
      17.875      109.700       13.656       76.027
      17.975       89.700       13.656       76.027
      18.076      109.700       13.656       76.027
      18.176       99.700       13.656       76.027
      18.276       89.700       13.656       76.027
      18.377      109.700       13.656       76.027
      18.477       89.700       13.656       76.027
      18.577       99.700       13.656       76.027
      18.678      109.700       13.656       76.027
      18.778       89.700       13.656       76.027
      18.878      109.700       13.656       76.027
      18.979       99.700       13.656       76.027
      19.079       89.700       13.656       76.027
      19.179      109.600       13.656       76.027
      19.279       99.700       13.656       76.027
      19.380       99.700       13.656       76.027
      19.480      109.600       13.656       76.027
      19.580       89.700       13.656       76.027
      19.681       99.700       13.656       76.027
      19.781       99.700       13.656       76.027
      19.881       99.600       14.168       76.027
      19.982      109.700       14.168       76.027
      20.082       79.700       14.168       76.027
      20.182      109.600       14.168       76.027
      20.283       99.700       14.168       76.027
      20.383       99.600       14.168       76.027
      20.483       99.600       14.168       76.027
      20.584       49.800       14.168       76.027
      20.684        0.000       14.168       76.027
      20.785        0.000       14.168       76.027
      20.885        0.000       14.168       76.027
      20.986       39.900       14.168       76.027
      21.086       59.800       14.168       76.027
      21.186      109.700       14.168       76.027
      21.287       99.700       14.168       76.027
      21.387       10.000       14.168       76.027
      21.488        0.000       14.168       76.027
      21.588        9.900       14.168       76.027
      21.689        0.000       14.168       76.027
      21.789       39.800       14.168       76.027
      21.890        0.000       14.168       76.027
      21.990       59.700       14.168       76.027
      22.091       99.700       14.168       76.027
      22.191       99.700       14.168       76.027
      22.291       29.900       14.168       76.027
      22.392       69.800       14.168       76.027
      22.492       59.800       14.168       76.027
      22.592       99.600       14.168       76.027
      22.693       69.700       14.168       76.027
      22.793        0.000       14.168       76.027
      22.894       39.800       14.168       76.027
      22.994       79.700       14.168       76.027
      23.095       89.700       14.168       76.027
      23.195       69.700       14.168       76.027
      23.295        0.000       14.168       76.027
      23.396        0.000       14.168       76.027
      23.496        0.000       14.168       76.027
      23.597        0.000       14.168       76.027
      23.698        0.000       14.168       76.027
      23.798        0.000       14.168       76.027
      23.899       39.900       14.168       76.027
      23.999       19.900       14.168       76.027
      24.099        0.000       14.168       76.027
      24.200        9.900       14.168       76.027
      24.301        0.000       14.168       76.027
      24.401        0.000       14.168       76.027
      24.502       69.700       14.168       76.027
      24.602      109.700       14.168       76.027
      24.702       89.700       14.168       76.027
      24.802       99.700       14.168       76.027
      24.903       99.700       14.168       76.027
      25.003      109.700       14.168       76.027
      25.103       89.700       14.168       76.027
      25.204       99.700       14.168       76.027
      25.304      109.700       14.168       76.027
      25.404       99.700       14.168       76.027
      25.505       99.700       14.168       76.027
      25.605       89.700       14.168       76.027
      25.705       99.600       14.168       76.027
      25.806       99.700       14.168       76.027
      25.906      109.700       14.168       76.027
      26.006       89.700       14.168       76.027
      26.107       99.700       14.168       76.027
      26.207      109.700       14.168       76.027
      26.307      109.700       14.168       76.027
      26.408       89.700       14.168       76.027
      26.508       99.700       14.168       76.027
      26.608       99.700       14.168       76.027
      26.708       99.700       14.168       76.027
      26.809       99.700       14.168       76.027
      26.909       99.700       14.168       76.027
      27.009       99.700       14.168       76.027
      27.110       89.700       17.004       85.016
      27.210       89.700       17.652       88.516
      27.310       99.600       15.879       76.016
      27.411       99.500       15.879       76.016
      27.511       39.800       15.879       76.016
      27.612       59.800       15.879       76.016
      27.712       79.700       15.879       76.016
      27.812       99.700       15.879       76.016
      27.913       99.700       15.879       76.016
      28.013       99.700       15.879       76.016
      28.113       99.700       15.879       76.016
      28.214       99.700       15.879       76.016
      28.314       89.700       15.879       76.016
      28.414      109.700       15.879       76.016
      28.514       99.700       15.879       76.016
      28.615       89.700       15.879       76.016
      28.715       99.700       15.879       76.016
      28.815      109.700       15.879       76.016
      28.916       99.700       15.879       76.016
      29.016      109.700       15.879       76.016
      29.116       89.700       15.879       76.016
      29.216      109.700       15.879       76.016
      29.317       89.700       15.879       76.016
      29.417      109.700       15.879       76.016
      29.517       99.700       15.879       76.016
      29.618       89.800       15.879       76.016
      29.718       99.700       15.879       76.016
      29.818       99.700       15.879       76.016
      29.919       99.700       15.879       76.016
      30.019       99.700       15.879       76.016
      30.119       99.700       15.879       76.016
      30.219       99.700       16.391       76.016
      30.320       89.700       19.484       98.516
      30.420       89.700       23.609      124.266
      30.521      109.600       16.551       76.012
      30.621       89.600       16.551       76.012
      30.722        0.000       16.551       76.012
      30.822        0.000       16.551       76.012
      30.922        0.000       16.551       76.012
      31.023        0.000       16.551       76.012
      31.124        0.000       16.551       76.012
      31.224        0.000       16.551       76.012
      31.325        0.000       16.551       76.012
      31.425        0.000       16.551       76.012
      31.526        0.000       16.551       76.012
      31.626        0.000       16.551       76.012
      31.727        0.000       16.551       76.012
      31.827        0.000       16.551       76.012
      31.928        0.000       16.551       76.012
      32.028        0.000       16.551       76.012
      32.129        0.000       16.551       76.012
      32.229       10.000       16.551       76.012
      32.330      109.700       16.551       76.012
      32.430       99.700       16.551       76.012
      32.530       79.600       16.551       76.012
      32.631        0.000       16.551       76.012
      32.731       10.000       16.551       76.012
      32.832       29.900       16.551       76.012
      32.932       99.600       16.551       76.012
      33.032       99.600       16.551       76.012
      33.133       99.700       16.551       76.012
      33.233       99.600       16.551       76.012
      33.334       99.700       16.551       76.012
      33.434       99.700       16.551       76.012
      33.534       99.700       16.551       76.012
      33.634      109.700       16.551       76.012
      33.735       89.700       16.551       76.012
      33.835       99.700       16.551       76.012
      33.935      109.700       16.551       76.012
      34.036       89.700       16.551       76.012
      34.136       99.700       16.551       76.012
      34.236       99.700       16.551       76.012
      34.337      109.700       16.551       76.012
      34.437       89.700       16.551       76.012
      34.537       99.700       16.551       76.012
      34.637      109.700       16.551       76.012
      34.738       99.700       16.551       76.012
      34.838       89.700       16.551       76.012
      34.938      109.700       16.551       76.012
      35.039       99.700       16.551       76.012
      35.139       99.700       16.551       76.012
      35.239       99.700       16.551       76.012
      35.340       99.800       16.551       76.012
      35.440       99.700       16.551       76.012
      35.540       99.700       16.805       76.012
      35.640       99.600       16.805       76.012
      35.741       99.700       16.805       76.012
      35.841       99.700       16.805       76.012
      35.941       89.700       16.805       76.012
      36.042      109.700       16.805       76.012
      36.142       99.700       16.805       76.012
      36.242       89.700       16.805       76.012
      36.343      109.700       16.805       76.012
      36.443       99.700       16.805       76.012
      36.543       99.700       16.805       76.012
      36.644       99.700       16.805       76.012
      36.744       99.700       16.805       76.012
      36.844       99.700       16.805       76.012
      36.944       99.700       16.805       76.012
      37.045      109.700       16.805       76.012
      37.145       89.700       16.805       76.012
      37.245       99.700       16.805       76.012
      37.346       99.700       16.805       76.012
      37.446      109.700       16.805       76.012
      37.546       89.700       16.805       76.012
      37.647       99.700       16.805       76.012
      37.747       99.700       16.805       76.012
      37.847      109.600       16.805       76.012
      37.948       99.700       16.805       76.012
      38.048       99.700       16.805       76.012
      38.148       99.700       16.805       76.012
      38.248       89.700       16.805       76.012
      38.349      109.600       16.805       76.012
      38.449       89.600       16.805       76.012
      38.550       99.600       16.805       76.012
      38.650       49.800       16.805       76.012
      38.750        0.000       16.805       76.012
      38.851        0.000       16.805       76.012
      38.951        0.000       16.805       76.012
      39.052        0.000       16.805       76.012
      39.153        0.000       16.805       76.012
      39.253        0.000       16.805       76.012
      39.353        0.000       16.805       76.012
      39.454        0.000       16.805       76.012
      39.555        0.000       16.805       76.012
      39.655        0.000       16.805       76.012
      39.756        0.000       16.805       76.012
      39.856        0.000       16.805       76.012
      39.957        0.000       16.805       76.012
      40.057        0.000       16.805       76.012
      40.158        0.000       16.805       76.012
      40.258        0.000       16.805       76.012
      40.359        0.000       16.805       76.012
      40.460        0.000       16.805       76.012
      40.560        0.000       16.805       76.012
      40.661       19.900       16.805       76.012
      40.761       49.800       16.805       76.012
      40.861       89.700       16.805       76.012
      40.962      109.600       16.805       76.012
      41.062       89.700       16.805       76.012
      41.162       99.600       17.062       76.012
      41.263      109.600       17.062       76.012
      41.363       89.700       17.062       76.012
      41.464       99.600       17.062       76.012
      41.564       89.700       17.062       76.012
      41.664      109.700       17.062       76.012
      41.765       89.700       17.062       76.012
      41.865      109.700       17.062       76.012
      41.965       89.700       17.062       76.012
      42.065      109.700       17.062       76.012
      42.166       89.700       17.062       76.012
      42.266       99.700       17.062       76.012
      42.366      109.700       17.062       76.012
      42.467       89.700       17.062       76.012
      42.567      109.700       17.062       76.012
      42.667       99.700       17.062       76.012
      42.768       99.700       17.062       76.012
      42.868       99.700       17.062       76.012
      42.968       99.700       17.062       76.012
      43.068       99.700       17.062       76.012
      43.169       99.700       17.062       76.012
      43.269       99.700       17.062       76.012
      43.369       99.700       17.062       76.012
      43.470       99.700       17.062       76.012
      43.570       99.700       17.062       76.012
      43.670       99.700       17.062       76.012
      43.771       99.600       17.062       76.012
      43.871       99.700       17.062       76.012
      43.971       99.600       17.836       80.004
      44.072      109.600       18.094       80.262
      44.172       89.700       17.238       76.004
      44.272       89.700       17.238       76.004
      44.373        0.000       17.238       76.004
      44.473        0.000       17.238       76.004
      44.574        0.000       17.238       76.004
      44.674        0.000       17.238       76.004
      44.775        0.000       17.238       76.004
      44.875        0.000       17.238       76.004
      44.976        0.000       17.238       76.004
      45.076        0.000       17.238       76.004
      45.177        0.000       17.238       76.004
      45.278        0.000       17.238       76.004
      45.378        0.000       17.238       76.004
      45.478        0.000       17.238       76.004
      45.579        0.000       17.238       76.004
      45.679       69.700       17.238       76.004
      45.780      109.600       17.238       76.004
      45.880       79.700       17.238       76.004
      45.980        0.000       17.238       76.004
      46.081       10.000       17.238       76.004
      46.181       79.700       17.238       76.004
      46.282      109.600       17.238       76.004
      46.382       89.700       17.238       76.004
      46.482       39.900       17.238       76.004
      46.583       59.800       17.238       76.004
      46.683      109.600       17.238       76.004
      46.783       99.700       17.238       76.004
      46.884       99.700       17.238       76.004
      46.984       99.700       17.238       76.004
      47.084       99.700       17.238       76.004
      47.184       99.700       17.238       76.004
      47.285       99.700       17.238       76.004
      47.385       99.700       17.238       76.004
      47.485       89.700       17.238       76.004
      47.586       99.700       17.238       76.004
      47.686       99.700       17.238       76.004
      47.786      109.600       17.238       76.004
      47.887       89.700       17.238       76.004
      47.987      109.700       17.238       76.004
      48.087       99.700       17.238       76.004
      48.187       99.700       17.238       76.004
      48.288       99.700       17.238       76.004
      48.388       99.700       17.238       76.004
      48.488       99.700       17.238       76.004
      48.589       99.700       17.238       76.004
      48.689       99.700       17.238       76.004
      48.789       99.700       17.238       76.004
      48.890       99.700       17.238       76.004
      48.990       99.700       17.238       76.004
      49.090       99.700       17.238       76.004
      49.190       99.600       17.492       76.004
      49.291       99.600       17.492       76.004
      49.391       99.600       17.492       76.004
      49.492       99.600       17.492       76.004
      49.592       89.700       17.492       76.004
      49.692       49.700       17.492       76.004
      49.793        0.000       17.492       76.004
      49.893        0.000       17.492       76.004
      49.994        0.000       17.492       76.004
      50.095        0.000       17.492       76.004
      50.195        0.000       17.492       76.004
      50.296        0.000       17.492       76.004
      50.396        0.000       17.492       76.004
      50.497        0.000       17.492       76.004
      50.597        0.000       17.492       76.004
      50.698        0.000       17.492       76.004
      50.799        0.000       17.492       76.004
      50.899        0.000       17.492       76.004
      51.000        0.000       17.492       76.004
      51.100        0.000       17.492       76.004
      51.201       39.800       17.492       76.004
      51.301       89.700       17.492       76.004
      51.401       99.700       17.492       76.004
      51.502       39.900       17.492       76.004
      51.602       19.900       17.492       76.004
      51.702       89.700       17.492       76.004
      51.803       99.600       17.492       76.004
      51.903       99.600       17.492       76.004
      52.003       99.600       17.492       76.004
      52.104       29.900       17.492       76.004
      52.204       89.700       17.492       76.004
      52.305       49.700       17.492       76.004
      52.405        0.000       17.492       76.004
      52.506        0.000       17.492       76.004
      52.606        0.000       17.492       76.004
      52.707        0.000       17.492       76.004
      52.807        0.000       17.492       76.004
      52.908        0.000       17.492       76.004
      53.008        0.000       17.492       76.004
      53.109        0.000       17.492       76.004
      53.209        0.000       17.492       76.004
      53.310        0.000       17.492       76.004
      53.410        0.000       17.492       76.004
      53.511        0.000       17.492       76.004
      53.612        0.000       17.492       76.004
      53.712        0.000       17.492       76.004
      53.813        0.000       17.492       76.004
      53.913        0.000       17.492       76.004
      54.014       29.900       17.492       76.004
      54.114       79.700       17.492       76.004
      54.215       49.800       17.492       76.004
      54.315       99.700       17.492       76.004
      54.415       99.700       17.492       76.004
      54.516       99.700       17.492       76.004
      54.616       99.700       17.492       76.004
      54.716       89.700       17.492       76.004
      54.817       99.700       17.492       76.004
      54.917      109.700       17.492       76.004
      55.017       99.700       17.492       76.004
      55.117       99.700       17.492       76.004
      55.218       89.700       17.492       76.004
      55.318       99.700       17.492       76.004
      55.418      109.700       17.492       76.004
      55.519       99.700       17.492       76.004
      55.619       99.700       17.492       76.004
      55.719       99.700       17.492       76.004
      55.820       99.700       17.492       76.004
      55.920       99.700       17.492       76.004
      56.020       99.700       17.492       76.004
      56.120       99.700       17.492       76.004
      56.221       99.700       17.492       76.004
      56.321       99.700       17.492       76.004
      56.421       99.700       17.492       76.004
      56.522       99.700       17.492       76.004
      56.622       99.700       17.492       76.004
      56.722       99.700       17.750       76.004
      56.823       79.800       18.262       78.004
      56.923       99.600       19.371       84.504
      57.023      109.600       18.113       76.004
      57.124       99.600       18.113       76.004
      57.224       89.700       18.113       76.004
      57.324      109.700       18.113       76.004
      57.425       89.700       18.113       76.004
      57.525       99.700       18.113       76.004
      57.625      109.600       18.113       76.004
      57.726       89.700       18.113       76.004
      57.826      109.600       18.113       76.004
      57.926       99.700       18.113       76.004
      58.027       99.700       18.113       76.004
      58.127       89.700       18.113       76.004
      58.227      109.700       18.113       76.004
      58.327       99.700       18.113       76.004
      58.428       99.700       18.113       76.004
      58.528       99.700       18.113       76.004
      58.628       99.700       18.113       76.004
      58.729       99.700       18.113       76.004
      58.829       99.700       18.113       76.004
      58.929       99.700       18.113       76.004
      59.030       89.700       18.113       76.004
      59.130      109.700       18.113       76.004
      59.230       99.700       18.113       76.004
      59.331       99.700       18.113       76.004
      59.431       89.700       18.113       76.004
      59.531      119.600       18.113       76.004
      59.631       89.700       18.113       76.004
      59.732       99.600       18.113       76.004
      59.832       99.600       18.113       76.004
      59.933       99.600       18.113       76.004
      60.033       89.700       18.113       76.004
      60.133       69.700       18.113       76.004
      60.234        0.000       18.113       76.004
      60.335        0.000       18.113       76.004
      60.435        0.000       18.113       76.004
      60.536        0.000       18.113       76.004
      60.636        0.000       18.113       76.004
      60.736        0.000       18.113       76.004
      60.837        0.000       18.113       76.004
      60.938        0.000       18.113       76.004
      61.038        0.000       18.113       76.004
      61.139        0.000       18.113       76.004
      61.240        0.000       18.113       76.004
      61.340        0.000       18.113       76.004
      61.441        0.000       18.113       76.004
      61.541        0.000       18.113       76.004
      61.642        0.000       18.113       76.004
      61.742        0.000       18.113       76.004
      61.843        0.000       18.113       76.004
      61.943       99.500       18.113       76.004
      62.044       99.700       18.113       76.004
      62.144       89.700       18.113       76.004
      62.244      109.600       18.113       76.004
      62.345       99.700       18.113       76.004
      62.445       99.700       18.113       76.004
      62.545       99.700       18.113       76.004
      62.646       89.700       18.113       76.004
      62.746      109.700       18.113       76.004
      62.846       89.700       18.113       76.004
      62.947      109.700       18.113       76.004
      63.047       99.700       18.113       76.004
      63.147       99.700       18.113       76.004
      63.248       99.700       18.113       76.004
      63.348      109.700       18.113       76.004
      63.448       89.800       18.113       76.004
      63.548       99.700       18.113       76.004
      63.649       99.700       18.113       76.004
      63.749       99.700       18.113       76.004
      63.849       99.700       18.113       76.004
      63.950       99.700       18.113       76.004
      64.050      109.700       18.113       76.004
      64.150       99.700       18.113       76.004
      64.250       89.700       18.113       76.004
      64.351       99.700       18.113       76.004
      64.451       79.800       18.883       82.004
      64.551      109.600       22.750      106.504
      64.652       99.600       18.180       76.004
      64.752       89.500       18.180       76.004
      64.853       39.800       18.180       76.004
      64.953       79.600       18.180       76.004
      65.054       99.500       18.180       76.004
      65.154       99.700       18.180       76.004
      65.254       99.700       18.180       76.004
      65.355       99.700       18.180       76.004
      65.455       99.700       18.180       76.004
      65.555      109.700       18.180       76.004
      65.656       89.700       18.180       76.004
      65.756       99.700       18.180       76.004
      65.856      109.700       18.180       76.004
      65.956       89.700       18.180       76.004
      66.057      109.700       18.180       76.004
      66.157       99.700       18.180       76.004
      66.257       99.700       18.180       76.004
      66.358       99.700       18.180       76.004
      66.458       99.700       18.180       76.004
      66.558       99.700       18.180       76.004
      66.659       99.700       18.180       76.004
      66.759       99.700       18.180       76.004
      66.859       99.700       18.180       76.004
      66.960       99.700       18.180       76.004
      67.060       99.700       18.180       76.004
      67.160       99.700       18.180       76.004
      67.260       99.700       18.180       76.004
      67.361       99.700       18.180       76.004
      67.461       89.700       18.180       76.004
      67.561       89.700       19.207       83.754
      67.662       99.700       23.332      110.254
      67.762       99.700       18.238       76.004
      67.862       99.600       18.238       76.004
      67.963       89.700       18.238       76.004
      68.063      109.600       18.238       76.004
      68.164       99.700       18.238       76.004
      68.264       99.700       18.238       76.004
      68.364       99.700       18.238       76.004
      68.464       99.700       18.238       76.004
      68.565       99.700       18.238       76.004
      68.665       99.700       18.238       76.004
      68.765       99.700       18.238       76.004
      68.866       99.700       18.238       76.004
      68.966       99.700       18.238       76.004
      69.066       99.700       18.238       76.004
      69.166       99.700       18.238       76.004
      69.267       99.700       18.238       76.004
      69.367       99.700       18.238       76.004
      69.467      109.700       18.238       76.004
      69.568       99.700       18.238       76.004
      69.668       89.700       18.238       76.004
      69.768       99.700       18.238       76.004
      69.869      109.700       18.238       76.004
      69.969       89.700       18.238       76.004
      70.069       99.700       18.238       76.004
      70.170      109.700       18.238       76.004
      70.270       89.700       18.238       76.004
      70.370       99.700       18.238       76.004
      70.470       99.600       18.238       76.004
      70.571       99.600       18.238       76.004
      70.671      109.600       18.238       76.004
      70.772       89.700       18.238       76.004
      70.872      109.700       18.238       76.004
      70.972       99.700       18.238       76.004
      71.072       99.800       18.238       76.004
      71.173       99.700       18.238       76.004
      71.273       99.700       18.238       76.004
      71.373       99.700       18.238       76.004
      71.474       99.700       18.238       76.004
      71.574       89.700       18.238       76.004
      71.674      109.700       18.238       76.004
      71.775       89.700       18.238       76.004
      71.875      109.700       18.238       76.004
      71.975      109.700       18.238       76.004
      72.075       99.700       18.238       76.004
      72.176       89.700       18.238       76.004
      72.276       99.700       18.238       76.004
      72.376       99.700       18.238       76.004
      72.477       99.700       18.238       76.004
      72.577      109.700       18.238       76.004
      72.677       89.700       18.238       76.004
      72.778       99.700       18.238       76.004
      72.878       99.700       18.238       76.004
      72.978      109.700       18.238       76.004
      73.079       89.700       18.238       76.004
      73.179      109.700       18.238       76.004
      73.279       99.600       18.238       76.004
      73.380       89.700       18.238       76.004
      73.480       89.700       18.238       76.004
      73.580       89.700       18.238       76.004
      73.681        0.000       18.238       76.004
      73.781        0.000       18.238       76.004
      73.882        0.000       18.238       76.004
      73.982        0.000       18.238       76.004
      74.083        0.000       18.238       76.004
      74.183        0.000       18.238       76.004
      74.284        0.000       18.238       76.004
      74.385        0.000       18.238       76.004
      74.485        0.000       18.238       76.004
      74.586        0.000       18.238       76.004
      74.686        0.000       18.238       76.004
      74.787        0.000       18.238       76.004
      74.887        0.000       18.238       76.004
      74.988        0.000       18.238       76.004
      75.088        0.000       18.238       76.004
      75.189        0.000       18.238       76.004
      75.289        0.000       18.238       76.004
      75.390        0.000       18.238       76.004
      75.490        0.000       18.238       76.004
      75.591        0.000       18.238       76.004
      75.691       89.700       18.238       76.004
      75.792      109.600       18.238       76.004
      75.892       89.700       18.238       76.004
      75.992       99.600       18.238       76.004
      76.093       99.600       18.238       76.004
      76.193       99.700       18.238       76.004
      76.293       99.700       18.238       76.004
      76.394      109.700       18.238       76.004
      76.494       99.700       18.238       76.004
      76.594       89.700       18.238       76.004
      76.695       99.700       18.238       76.004
      76.795       99.700       18.238       76.004
      76.895       99.700       18.238       76.004
      76.996      109.700       18.238       76.004
      77.096       99.700       18.238       76.004
      77.196       99.700       18.238       76.004
      77.296       99.700       18.238       76.004
      77.397       99.700       18.238       76.004
      77.497       89.700       18.238       76.004
      77.597       99.700       18.238       76.004
      77.698       99.700       18.238       76.004
      77.798       99.700       18.238       76.004
      77.898       99.700       18.238       76.004
      77.999       99.700       18.238       76.004
      78.099      109.700       18.238       76.004
      78.199       79.700       18.750       80.004
      78.300       99.600       20.812       92.254
      78.400       99.700       18.371       76.004
      78.500       99.700       18.371       76.004
      78.601       99.600       18.371       76.004
      78.701       99.600       18.371       76.004
      78.801       99.700       18.371       76.004
      78.902      109.700       18.371       76.004
      79.002       69.700       18.371       76.004
      79.103        0.000       18.371       76.004
      79.203        0.000       18.371       76.004
      79.304        0.000       18.371       76.004
      79.404        0.000       18.371       76.004
      79.505        0.000       18.371       76.004
      79.605        0.000       18.371       76.004
      79.706        0.000       18.371       76.004
      79.806        0.000       18.371       76.004
      79.907        0.000       18.371       76.004
      80.008        0.000       18.371       76.004
      80.108        0.000       18.371       76.004
      80.209        0.000       18.371       76.004
      80.309        0.000       18.371       76.004
      80.410        0.000       18.371       76.004
      80.510        0.000       18.371       76.004
      80.611        0.000       18.371       76.004
      80.711       10.000       18.371       76.004
      80.812       49.800       18.371       76.004
      80.912       99.700       18.371       76.004
      81.012       99.600       18.371       76.004
      81.113       89.700       18.371       76.004
      81.213       99.600       18.371       76.004
      81.313        0.000       18.371       76.004
      81.414        0.000       18.371       76.004
      81.515       39.800       18.371       76.004
      81.615      109.600       18.371       76.004
      81.715       10.000       18.371       76.004
      81.816        0.000       18.371       76.004
      81.916        0.000       18.371       76.004
      82.017        0.000       18.371       76.004
      82.117        0.000       18.371       76.004
      82.218        0.000       18.371       76.004
      82.318        0.000       18.371       76.004
      82.419        0.000       18.371       76.004
      82.519        0.000       18.371       76.004
      82.620        0.000       18.371       76.004
      82.720        0.000       18.371       76.004
      82.821        0.000       18.371       76.004
      82.922        0.000       18.371       76.004
      83.022        0.000       18.371       76.004
      83.123        0.000       18.371       76.004
      83.223        0.000       18.371       76.004
      83.324       89.600       18.371       76.004
      83.424       89.700       18.371       76.004
      83.525      109.600       18.371       76.004
      83.625       89.700       18.371       76.004
      83.725       99.700       18.371       76.004
      83.826       99.700       18.371       76.004
      83.926       99.700       18.371       76.004
      84.026      109.700       18.371       76.004
      84.126       99.700       18.371       76.004
      84.227       99.600       18.371       76.004
      84.327       89.700       18.371       76.004
      84.427      109.700       18.371       76.004
      84.528       89.700       18.371       76.004
      84.628      109.700       18.371       76.004
      84.728       99.700       18.371       76.004
      84.829       99.700       18.371       76.004
      84.929       99.700       18.371       76.004
      85.029       99.700       18.371       76.004
      85.130       99.700       18.371       76.004
      85.230       99.700       18.371       76.004
      85.330       99.700       18.371       76.004
      85.430       99.700       18.371       76.004
      85.531       99.700       18.371       76.004
      85.631       89.700       18.371       76.004
      85.731      119.600       18.371       76.004
      85.832       79.800       18.371       76.004
      85.932       69.800       23.266      115.258
      86.032       99.600       28.422      145.008
      86.133       99.700       28.402      144.008
      86.233       99.600       18.402       76.004
      86.333       89.700       18.402       76.004
      86.434       29.900       18.402       76.004
      86.534        0.000       18.402       76.004
      86.635       10.000       18.402       76.004
      86.735        9.900       18.402       76.004
      86.836        9.900       18.402       76.004
      86.937        0.000       18.402       76.004
      87.037        0.000       18.402       76.004
      87.138        0.000       18.402       76.004
      87.238        0.000       18.402       76.004
      87.339        0.000       18.402       76.004
      87.439        0.000       18.402       76.004
      87.540        0.000       18.402       76.004
      87.640        0.000       18.402       76.004
      87.741        0.000       18.402       76.004
      87.842        0.000       18.402       76.004
      87.942        0.000       18.402       76.004
      88.042        0.000       18.402       76.004
      88.143        0.000       18.402       76.004
      88.244        0.000       18.402       76.004
      88.344        0.000       18.402       76.004
      88.445       10.000       18.402       76.004
      88.545       10.000       18.402       76.004
      88.645       89.700       18.402       76.004
      88.746       89.700       18.402       76.004
      88.846       99.600       18.402       76.004
      88.946      109.600       18.402       76.004
      89.047       89.700       18.402       76.004
      89.147       59.700       18.402       76.004
      89.248       29.900       18.402       76.004
      89.348       79.700       18.402       76.004
      89.448        0.000       18.402       76.004
      89.549        0.000       18.402       76.004
      89.650        0.000       18.402       76.004
      89.750        0.000       18.402       76.004
      89.851        0.000       18.402       76.004
      89.951        0.000       18.402       76.004
      90.052        0.000       18.402       76.004
      90.152        0.000       18.402       76.004
      90.253        0.000       18.402       76.004
      90.353        0.000       18.402       76.004
      90.454        0.000       18.402       76.004
      90.554        0.000       18.402       76.004
      90.655        0.000       18.402       76.004
      90.755        0.000       18.402       76.004
      90.856        0.000       18.402       76.004
      90.956        0.000       18.402       76.004
      91.057       49.800       18.402       76.004
      91.157       99.700       18.402       76.004
      91.258      109.600       18.402       76.004
      91.358       89.700       18.402       76.004
      91.458       99.700       18.402       76.004
      91.558       99.700       18.402       76.004
      91.659       99.700       18.402       76.004
      91.759      109.600       18.402       76.004
      91.859       89.700       18.402       76.004
      91.960       99.700       18.402       76.004
      92.060      109.700       18.402       76.004
      92.160       89.700       18.402       76.004
      92.261      109.700       18.402       76.004
      92.361       99.700       18.402       76.004
      92.461       89.700       18.402       76.004
      92.562      109.700       18.402       76.004
      92.662       99.700       18.402       76.004
      92.762       99.700       18.402       76.004
      92.863       99.700       18.402       76.004
      92.963       99.700       18.402       76.004
      93.063       99.700       18.402       76.004
      93.163       99.700       18.402       76.004
      93.264       99.700       18.402       76.004
      93.364       99.700       18.402       76.004
      93.464       99.700       18.402       76.004
      93.565       99.700       18.402       76.004
      93.665       79.700       18.914       80.004
      93.765       99.600       28.453      144.758
      93.866       99.600       29.191      146.758
      93.966       89.700       18.473       76.004
      94.066       99.700       18.473       76.004
      94.167      109.600       18.473       76.004
      94.267       39.800       18.473       76.004
      94.368        9.900       18.473       76.004
      94.468       39.800       18.473       76.004
      94.569        0.000       18.473       76.004
      94.669        0.000       18.473       76.004
      94.770        0.000       18.473       76.004
      94.871        0.000       18.473       76.004
      94.971        0.000       18.473       76.004
      95.072        0.000       18.473       76.004
      95.172        0.000       18.473       76.004
      95.273        0.000       18.473       76.004
      95.373        0.000       18.473       76.004
      95.474        0.000       18.473       76.004
      95.575        0.000       18.473       76.004
      95.675        0.000       18.473       76.004
      95.776        0.000       18.473       76.004
      95.876        0.000       18.473       76.004
      95.977        0.000       18.473       76.004
      96.078       39.800       18.473       76.004
      96.178       10.000       18.473       76.004
      96.278       29.900       18.473       76.004
      96.379       59.800       18.473       76.004
      96.479       89.700       18.473       76.004
      96.580       99.600       18.473       76.004
      96.680       99.600       18.473       76.004
      96.780      109.500       18.473       76.004
      96.881       89.700       18.473       76.004
      96.981       99.700       18.473       76.004
      97.081      109.700       18.473       76.004
      97.182       99.700       18.473       76.004
      97.282       89.700       18.473       76.004
      97.382       99.700       18.473       76.004
      97.483       99.700       18.473       76.004
      97.583      109.600       18.473       76.004
      97.683       99.700       18.473       76.004
      97.784       89.700       18.473       76.004
      97.884      109.700       18.473       76.004
      97.984       99.700       18.473       76.004
      98.085       99.700       18.473       76.004
      98.185       99.700       18.473       76.004
      98.285       99.700       18.473       76.004
      98.385       99.700       18.473       76.004
      98.486       99.700       18.473       76.004
      98.586       99.700       18.473       76.004
      98.686       99.700       18.473       76.004
      98.787       99.700       18.473       76.004
      98.887       99.700       18.473       76.004
      98.987       99.700       18.473       76.004
      99.088      109.600       18.473       76.004
      99.188       89.800       18.473       76.004
      99.288       99.700       18.473       76.004
      99.388       99.700       18.473       76.004
      99.489       89.700       18.473       76.004
      99.589       89.700       18.473       76.004
      99.690       39.800       18.473       76.004
      99.790        0.000       18.473       76.004
      99.891        0.000       18.473       76.004
      99.991        0.000       18.473       76.004
