# Elapsed time   CPU (%)     Real (MB)   Virtual (MB)
       0.000        0.000        5.738       16.477
       0.101        0.000        5.738       16.477
       0.201        0.000        5.738       16.477
       0.301        0.000        5.738       16.477
       0.402        0.000        5.738       16.477
       0.502        0.000        5.738       16.477
       0.602        0.000        5.738       16.477
       0.703        0.000        5.738       16.477
       0.803        0.000        5.738       16.477
       0.904        0.000        5.738       16.477
       1.004        0.000        5.738       16.477
       1.105        9.900        6.711       19.141
       1.207       48.900        6.199       16.609
       1.307        0.000        6.199       16.609
       1.408        0.000        6.199       16.609
       1.508        0.000        6.199       16.609
       1.609        0.000        6.199       16.609
       1.709        0.000        6.199       16.609
       1.809        0.000        6.199       16.609
       1.910        0.000        6.199       16.609
       2.010        0.000        6.199       16.609
       2.110       29.900        7.074       18.859
       2.211       49.900        6.242       16.609
       2.311        0.000        6.242       16.609
       2.411        0.000        6.242       16.609
       2.512        0.000        6.242       16.609
       2.612        0.000        5.742       16.609
       2.712        0.000        4.867       16.609
       2.813        0.000        4.617       16.609
       2.913        0.000        4.617       16.609
       3.013        0.000        4.617       16.609
       3.114       39.900        5.617       19.879
       3.214       79.700        4.590       16.602
       3.315        0.000        4.590       16.602
       3.415        0.000        4.590       16.602
       3.516        0.000        4.590       16.602
       3.616        0.000        4.590       16.844
       3.718       68.900        5.434       19.609
       3.818       29.800        4.473       16.844
       3.919        0.000        4.223       16.844
       4.019        0.000        4.223       16.844
       4.119       39.800        5.098       19.352
       4.220       49.800        4.059       16.594
       4.320        0.000        4.059       16.594
       4.420        0.000        4.059       16.594
       4.521        0.000        4.059       16.594
       4.622        0.000        4.059       16.594
       4.722       69.500        5.309       19.094
       4.823       49.700        4.168       16.594
       4.924        0.000        4.168       16.594
       5.024        0.000        4.043       16.594
       5.125       29.800        4.418       19.348
       5.225       59.800        3.926       16.594
       5.325        0.000        3.926       16.594
       5.426        0.000        3.926       16.594
       5.526        0.000        3.926       16.594
       5.626        0.000        3.926       16.594
       5.727       49.700        4.176       16.844
       5.828       39.800        4.051       16.844
       5.928        0.000        4.051       16.844
       6.028        0.000        4.051       16.844
       6.130       29.600        4.926       20.395
       6.231       78.900        4.172       17.090
       6.332       67.500        4.008       16.840
       6.438        0.000        4.008       16.840
       6.538        0.000        4.008       16.840
       6.639       19.900        4.008       16.590
       6.739       49.700        3.871       16.840
       6.840       10.000        3.871       16.840
       6.940        0.000        3.871       16.840
       7.041        0.000        3.871       16.840
       7.141       49.800        5.297       19.102
       7.241       49.800        3.918       16.840
       7.342       39.800        3.793       16.590
       7.442       10.000        3.793       16.840
       7.543        0.000        3.793       16.840
       7.643        0.000        3.793       16.840
       7.743       59.700        3.738       16.590
       7.844       19.900        3.738       16.840
       7.944        0.000        3.738       16.840
       8.045        0.000        3.738       16.840
       8.145       39.800        3.703       16.590
       8.246       29.900        3.703       16.840
       8.346       29.900        3.703       16.840
       8.447       10.000        3.703       16.840
       8.547        0.000        3.703       16.840
       8.648        0.000        3.703       16.840
       8.748       69.700        3.797       16.590
       8.848       29.900        3.668       16.590
       8.949       39.800        3.719       16.840
       9.049        0.000        3.719       16.840
       9.150       49.800        4.488       18.090
       9.251       69.700        3.719       17.230
       9.351       19.900        3.605       16.727
       9.451        0.000        3.605       16.727
       9.552        0.000        3.605       16.727
       9.652        0.000        3.605       16.727
       9.753       69.700        3.926       17.508
       9.853       29.900        3.645       16.727
       9.954       29.900        3.645       16.727
      10.054        0.000        3.645       16.727
      10.154       29.900        6.770       21.691
      10.255       59.700        7.145       21.691
      10.355       39.800        7.145       21.691
      10.456        0.000        7.145       21.691
      10.556        0.000        7.145       21.691
      10.657       19.800        7.145       21.691
      10.760       48.700        7.145       21.691
      10.860       49.700        7.145       21.691
      10.961       29.700        7.145       21.691
      11.062        0.000        7.145       21.691
      11.162       49.800        7.145       21.691
      11.262       49.800        7.145       21.691
      11.363       59.800        7.145       21.691
      11.463       39.800        7.145       21.691
      11.564       10.000        7.145       21.691
      11.664        0.000        7.145       21.691
      11.764       89.600        7.145       21.691
      11.865       49.800        7.145       21.691
      11.965       10.000        7.145       21.691
      12.066        0.000        7.145       21.691
      12.166       49.500        7.145       21.691
      12.267       49.800        7.145       21.691
      12.367       49.800        7.145       21.691
      12.468       29.900        7.145       21.691
      12.568       10.000        7.145       21.691
      12.668       10.000        7.145       21.691
      12.769       69.700        7.270       21.691
      12.869       49.800        7.270       21.691
      12.970       10.000        7.270       21.691
      13.070        0.000        7.270       21.691
      13.170       79.700        7.270       21.691
      13.271       69.700        7.270       21.691
      13.371       29.900        7.270       21.691
      13.471       49.800        7.270       21.691
      13.572        0.000        7.270       21.691
      13.672       10.000        7.270       21.691
      13.773       69.700        7.270       21.691
      13.873       49.800        7.270       21.691
      13.973       39.800        7.270       21.691
      14.074       19.900        7.270       21.691
      14.174       39.800        7.395       21.691
      14.275       79.500        7.598       21.281
      14.375       39.800        7.598       21.281
      14.476       19.900        7.598       21.281
      14.576       10.000        7.598       21.281
      14.676       19.900        7.598       21.281
      14.777       39.900        7.598       21.281
      14.877       39.900        7.598       21.281
      14.977       39.800        7.598       21.281
      15.078       10.000        7.598       21.281
      15.178       69.700        7.723       21.281
      15.278       29.900        7.723       21.281
      15.379       69.800        7.723       21.281
      15.479       29.900        7.723       21.281
      15.579        0.000        7.723       21.281
      15.680       20.000        7.723       21.281
      15.780       79.700        7.723       21.281
      15.880       39.800        7.723       21.281
      15.981       39.900        7.723       21.281
      16.081       10.000        7.723       21.281
      16.181       79.800        7.723       21.281
      16.282       49.800        7.723       21.281
      16.382       49.800        7.723       21.281
      16.482       49.800        7.723       21.281
      16.583       39.900        7.723       21.281
      16.683        0.000        7.723       21.281
      16.783       69.700        7.723       21.281
      16.884       79.700        6.508       19.859
      16.984       29.900        3.535       16.727
      17.084        0.000        3.535       16.727
      17.185       79.700        4.324       17.652
      17.285       49.800        4.324       17.652
      17.386       59.700        4.273       17.379
      17.486       39.800        4.273       17.629
      17.586       29.900        4.273       17.629
      17.687       29.900        4.398       17.379
      17.787       59.700        4.496       17.629
      17.888       49.800        4.496       17.629
      17.988       39.800        4.652       17.379
      18.088       19.900        4.652       17.379
      18.189       49.800        4.918       17.641
      18.289       59.700        4.918       17.641
      18.390       59.700        4.668       17.629
      18.490       29.900        4.668       17.629
      18.591       29.900        4.668       17.629
      18.691       29.900        4.668       17.379
      18.792       69.700        4.668       17.379
      18.892       39.800        4.668       17.379
      18.992       69.700        4.668       17.379
      19.093       39.800        4.668       17.629
      19.193       79.600        5.512       18.879
      19.294       39.800        4.539       17.379
      19.394       89.600        4.551       17.359
      19.495       49.800        3.871       16.727
      19.595       19.900        3.871       16.727
      19.695       29.900        3.875       16.727
      19.796       69.500        4.117       16.984
      19.896       59.800        3.949       16.477
      19.997       39.900        4.074       16.727
      20.097       39.900        4.062       16.477
      20.197       89.600        6.895       20.672
      20.298       49.800        6.895       20.672
      20.398       59.700        6.895       20.672
      20.499       49.700        6.895       20.672
      20.599       39.800        6.895       20.672
      20.700       39.800        6.895       20.672
      20.800       39.800        6.895       20.672
      20.901       69.600        6.895       20.672
      21.001       39.900        6.895       20.672
      21.102       29.900        6.895       20.672
      21.202       19.900        6.895       20.672
      21.302       59.800        6.895       20.672
      21.403       49.800        6.895       20.672
      21.503       49.800        6.895       20.672
      21.603       39.900        6.895       20.672
      21.704       39.800        6.895       20.672
      21.804       69.700        6.402       19.883
      21.905       69.700        6.402       19.883
      22.005       79.700        6.402       19.883
      22.105       39.800        6.402       19.883
      22.206       10.000        6.402       19.883
      22.306       59.800        6.402       19.883
      22.406       59.800        6.402       19.883
      22.507       49.800        6.402       19.883
      22.607       29.900        6.402       19.883
      22.708       29.900        6.402       19.883
      22.808       89.600        6.402       19.883
      22.908       69.700        6.402       19.883
      23.009       49.800        6.402       19.883
      23.109       49.800        6.402       19.883
      23.209       10.000        6.402       19.883
      23.310       69.800        3.855       16.477
      23.410       49.800        3.750       16.727
      23.511       59.800        3.762       16.727
      23.611       29.900        3.762       16.727
      23.711       19.900        3.797       16.727
      23.812       39.800        3.777       16.727
      23.912       39.900        3.758       16.984
      24.012       69.800        3.703       16.477
      24.113       49.800        3.707       16.727
      24.213       39.800        3.707       16.977
      24.314       29.900        3.707       16.977
      24.414       79.700        3.812       16.727
      24.514       59.800        4.102       18.039
      24.615       59.700        3.570       16.727
      24.715       19.900        3.570       16.727
      24.816       39.900        3.570       16.727
      24.916       69.800        3.574       16.477
      25.016       49.800        3.574       16.727
      25.117       39.900        3.574       16.727
      25.217       29.900        3.574       16.727
      25.317       59.800        3.594       16.727
      25.418       79.700        3.633       16.477
      25.518       79.700        4.344       17.781
      25.619       39.800        3.594       16.477
      25.719       29.900        3.641       16.727
      25.819       29.900        3.609       16.727
      25.920       59.800        3.715       16.977
      26.020       79.700        3.590       16.477
      26.120       49.800        3.586       16.477
      26.221       19.900        3.586       16.727
      26.321       29.900        3.586       16.477
      26.421       49.800        3.586       16.727
      26.522       59.800        3.742       16.727
      26.622       59.800        4.117       17.492
      26.723       39.800        3.867       16.977
      26.823       49.800        3.867       16.727
      26.924       49.700        4.617       18.266
      27.024       89.600        3.867       16.477
      27.124       59.700        3.969       16.727
      27.225       49.800        3.867       16.727
      27.325       19.900        3.867       16.477
      27.426       49.800        3.773       16.477
      27.526       69.700        3.988       17.492
      27.627       49.800        3.777       16.727
      27.727       29.900        3.777       16.727
      27.827       39.800        3.902       17.500
      27.928       79.600        3.695       16.727
      28.028       79.700        3.863       16.977
      28.129       59.800        3.738       16.727
      28.229       39.800        3.738       16.727
      28.329       29.900        3.738       16.727
      28.430       49.800        4.023       17.230
      28.530       59.800        3.773       16.727
      28.631       69.700        3.887       16.977
      28.731       39.900        3.887       16.727
      28.831       29.900        3.773       16.727
      28.932       59.800        3.773       16.477
      29.032       39.900        3.777       16.977
      29.132       49.800        4.152       17.770
      29.233       39.800        3.941       16.477
      29.333       59.800        3.969       16.727
      29.434       29.900        3.934       16.727
      29.534       89.600        4.098       17.500
      29.634       69.700        4.098       17.508
      29.735       59.700        3.848       16.477
      29.835       29.900        3.879       16.727
      29.936       29.900        3.879       16.477
      30.036       39.800        3.879       16.477
      30.137       89.700        3.879       16.727
      30.237       29.900        3.754       16.727
      30.337       29.900        3.875       16.977
      30.438       59.700        3.801       16.977
      30.539       69.400        4.211       17.492
      30.639       69.700        3.715       16.477
      30.740       49.800        3.676       16.477
      30.840       19.900        3.676       16.977
      30.940       49.800        3.773       16.980
      31.041       39.800        3.832       16.477
      31.141       69.700        3.809       16.727
      31.242       49.800        3.906       16.727
      31.342       29.900        3.906       16.977
      31.442       39.800        3.809       16.977
      31.543       49.800        3.898       16.742
      31.643       59.800        3.723       16.977
      31.744       59.800        3.797       16.477
      31.844       39.900        3.762       16.727
      31.944       39.900        3.703       16.727
      32.045       49.800        3.668       16.727
      32.145       49.800        3.668       16.727
      32.245       59.800        3.668       16.477
      32.346       39.900        3.672       16.727
      32.446       29.900        3.707       16.977
      32.547       49.800        3.801       16.727
      32.647       59.700        4.477       18.004
      32.748       69.700        3.977       16.727
      32.848       29.900        4.102       17.230
      32.948       39.900        3.977       16.727
      33.049       59.800        3.852       16.738
      33.149       69.700        3.977       17.500
      33.249       79.600        3.770       16.727
      33.350       29.900        4.020       16.477
      33.450       29.900        4.020       16.727
      33.551       49.800        4.020       17.492
      33.651       49.800        3.680       16.727
      33.752       59.400        3.750       16.977
      33.853       39.900        3.746       16.727
      33.953       29.900        3.996       16.727
      34.053       49.800        3.879       16.727
      34.154       39.900        3.879       16.727
      34.254       59.800        3.785       16.977
      34.354       49.800        3.785       16.727
      34.455       49.800        3.758       16.727
      34.555       29.800        3.758       16.727
      34.655       79.700        3.785       16.477
      34.756       59.700        4.031       17.762
      34.857       49.800        3.781       16.727
      34.957       39.900        3.781       16.727
      35.057       39.900        3.781       16.727
      35.157       59.800        3.949       16.727
      35.258       49.800        3.785       16.477
      35.358       59.800        3.785       16.727
      35.459       39.900        3.781       16.727
      35.559       39.800        3.602       16.727
      35.659       69.700        3.633       16.727
      35.760       59.800        3.762       18.023
      35.860       69.700        4.367       18.047
      35.961       29.900        3.637       16.727
      36.061       39.900        3.531       16.727
      36.161       49.800        3.531       16.477
      36.262       49.800        3.605       16.727
      36.362       49.800        3.566       16.477
      36.462       29.900        3.566       16.727
      36.562       39.800        3.691       16.977
      36.663       39.800        3.605       16.477
      36.763       49.800        3.598       16.727
      36.864       49.800        3.805       16.727
      36.964       29.900        3.895       16.727
      37.064       49.800        3.887       16.727
      37.165       59.800        3.891       16.727
      37.265       49.800        4.391       17.492
      37.366       69.700        3.863       16.984
      37.466       39.800        3.898       16.477
      37.566       39.900        3.898       16.477
      37.667       49.800        3.992       16.477
      37.767       39.800        3.996       16.727
      37.867       69.700        3.973       16.727
      37.968       19.900        3.965       16.727
      38.068       49.800        3.938       16.727
      38.169       49.800        3.910       16.977
      38.269       79.700        3.910       17.230
      38.369       49.800        3.785       16.477
      38.470       49.800        3.770       16.477
      38.570       29.900        3.770       16.477
      38.671       69.700        3.723       16.727
      38.771       59.800        3.723       16.477
      38.871       49.800        3.758       16.477
      38.972       29.900        3.758       16.727
      39.072       39.800        3.758       16.727
      39.173       29.900        3.836       16.477
      39.273       49.800        3.715       16.477
      39.373       69.800        3.676       16.727
      39.474       39.800        3.676       16.977
      39.574       49.800        3.676       16.477
      39.675       39.500        3.926       16.977
      39.776       69.600        3.852       16.738
      39.876       79.700        4.789       18.758
      39.977       59.800        3.520       16.727
      40.077       39.800        3.688       16.727
      40.178       39.800        3.688       16.727
      40.278       69.700        3.691       16.477
      40.378       49.800        4.316       18.293
      40.479       59.800        3.691       16.727
      40.579       39.900        3.656       16.727
      40.679       39.900        3.656       16.477
      40.780       59.800        3.871       16.977
      40.880       59.800        3.727       16.727
      40.980       49.800        3.855       16.727
      41.081       49.800        3.855       16.727
      41.181       29.900        3.855       16.477
      41.282       69.800        4.480       18.086
      41.382       39.800        4.730       18.336
      41.482       49.800        4.730       18.336
      41.583       19.900        4.730       18.336
      41.683       49.800        4.730       18.336
      41.783       39.800        4.730       18.336
      41.884       59.700        4.730       18.336
      41.984       49.800        4.730       18.336
      42.085       49.800        4.730       18.336
      42.185       29.900        4.730       18.336
      42.285       39.800        4.730       18.336
      42.386       59.700        4.730       18.336
      42.486       69.700        4.980       18.086
      42.587       49.800        4.980       18.086
      42.687       39.800        4.980       18.086
      42.788       49.700        4.980       18.086
      42.888       59.800        4.980       18.086
      42.989       49.500        4.980       18.086
      43.089       59.800        4.980       18.086
      43.190       39.900        4.980       18.086
      43.290       49.800        4.980       18.086
      43.391       59.800        4.980       18.086
      43.491       49.800        4.980       18.086
      43.591       49.800        4.980       18.086
      43.692       39.900        4.980       18.086
      43.792       39.800        4.980       18.086
      43.892       49.800        5.105       18.086
      43.993       59.800        5.105       18.086
      44.093       39.800        5.105       18.086
      44.193       29.900        5.105       18.086
      44.294       49.800        5.105       18.086
      44.394       39.800        5.105       18.086
      44.495       59.800        5.105       18.086
      44.595       59.800        5.105       18.086
      44.695       39.800        5.105       18.086
      44.796       19.900        5.105       18.086
      44.896       69.700        5.105       18.086
      44.997       59.700        5.105       18.086
      45.097       69.700        5.105       18.086
      45.197       29.900        5.105       18.086
      45.298       39.800        5.105       18.086
      45.398       59.800        5.105       18.086
      45.499       39.800        5.105       18.086
      45.599       39.800        5.105       18.086
      45.699       49.800        5.105       18.086
      45.800       39.900        5.105       18.086
      45.900       59.800        5.105       18.086
      46.001       59.700        5.105       18.086
      46.101       59.800        5.105       18.086
      46.201       29.900        5.105       18.086
      46.302       49.800        5.105       18.086
      46.402       49.800        5.105       18.086
      46.502       49.800        5.105       18.086
      46.603       49.800        5.105       18.086
      46.703       29.900        5.105       18.086
      46.804       49.800        5.105       18.086
      46.904       49.600        5.105       18.086
      47.005       49.800        5.105       18.086
      47.105       39.800        3.781       16.477
      47.206       59.700        3.824       16.727
      47.306       39.900        3.816       16.477
      47.406       49.900        3.797       16.727
      47.507       49.800        3.797       16.727
      47.607       79.700        4.113       17.230
      47.707       59.800        3.984       16.727
      47.808       49.800        4.020       16.477
      47.908       39.800        4.020       16.727
      48.009       69.700        4.023       16.727
      48.109       39.900        4.148       16.727
      48.209       49.800        4.012       16.477
      48.310       39.800        4.137       16.477
      48.410       39.800        4.066       16.727
      48.511       59.800        4.070       16.727
      48.611       59.700        4.160       17.492
      48.712       39.800        4.160       16.727
      48.812       29.900        4.160       17.238
      48.912       49.800        4.289       17.230
      49.013       49.800        4.168       16.477
      49.113       49.800        4.168       16.477
      49.214       49.800        4.168       16.727
      49.314       39.900        4.168       16.727
      49.414       49.800        4.168       16.727
      49.515       59.800        4.168       16.727
      49.615       49.800        4.266       16.477
      49.715       49.800        4.227       16.727
      49.816       59.800        4.227       16.727
      49.916       29.900        4.227       16.727
      50.017       59.800        4.113       16.727
      50.117       49.800        4.113       16.727
      50.218       89.600        5.105       18.125
      50.318       79.700        5.051       17.828
      50.418       19.900        5.051       18.078
      50.519       49.800        5.051       18.078
      50.619       39.900        5.051       18.078
      50.719       59.700        5.051       18.078
      50.820       29.900        5.051       18.078
      50.920       39.800        5.051       18.078
      51.021       39.800        5.051       18.078
      51.121       69.700        5.051       18.078
      51.221       59.800        5.051       18.078
      51.322       39.800        5.051       18.078
      51.422       39.800        5.051       18.078
      51.523       39.900        5.051       18.078
      51.623       39.800        5.051       18.078
      51.723       49.800        5.051       18.078
      51.824       39.900        5.051       18.078
      51.924       29.900        5.051       18.078
      52.025       39.900        5.051       18.078
      52.125       49.800        5.051       18.078
      52.225       69.700        5.051       17.828
      52.326       49.800        5.051       17.828
      52.426       39.700        5.051       17.828
      52.527       59.300        4.926       17.801
      52.640       62.300        5.086       19.051
      52.740       68.800        4.902       17.793
      52.842       89.300        5.199       18.293
      52.943       39.900        4.953       18.043
      53.043       49.800        4.953       18.043
      53.143       59.700        4.953       18.043
      53.244       49.800        4.953       18.043
      53.344       49.800        4.953       18.043
      53.447       58.400        4.691       17.793
      53.548       39.800        4.691       18.043
      53.648       79.700        4.816       17.793
      53.748       69.800        4.816       17.793
      53.849       19.900        4.816       17.793
      53.949       49.800        4.816       17.793
      54.050       39.700        4.816       17.793
      54.150       59.700        4.816       17.793
      54.251       59.800        4.816       17.793
      54.351       39.800        4.816       18.043
      54.451       39.900        4.816       18.043
      54.552       49.800        4.816       18.043
      54.652       49.800        4.816       18.043
      54.752       49.800        4.816       18.043
      54.853       69.700        4.816       18.043
      54.953       29.900        4.816       18.043
      55.053       19.900        4.816       18.043
      55.154       39.800        4.816       18.043
      55.254       79.700        4.801       18.043
      55.355       59.800        4.801       18.043
      55.455       59.800        4.801       18.043
      55.555       49.800        4.801       18.043
      55.655       49.800        4.801       18.043
      55.756       59.800        4.801       18.043
      55.856       39.900        4.801       18.043
      55.957       39.900        4.801       18.043
      56.057       59.800        4.801       18.043
      56.157       39.900        4.801       18.043
      56.258       69.800        4.801       18.043
      56.358       49.800        3.660       16.727
      56.458       29.900        3.754       16.727
      56.559       49.900        3.852       16.477
      56.659       49.900        3.844       16.727
      56.759       59.800        3.977       17.480
      56.860       39.800        3.852       16.477
      56.960       39.900        3.844       16.727
      57.060       39.900        3.844       16.727
      57.161       49.900        3.906       16.727
      57.261       39.800        3.941       16.477
      57.361       59.700        3.941       16.727
      57.462       39.800        4.191       16.727
      57.562       29.900        3.941       16.727
      57.663       29.900        3.941       16.727
      57.763       49.800        3.988       16.727
      57.863       79.700        4.297       17.230
      57.964       79.600        4.387       17.500
      58.064       49.800        3.926       16.727
      58.165       39.800        4.051       17.500
      58.265       69.700        3.809       16.727
      58.366       49.800        3.848       16.727
      58.466       39.800        3.715       16.727
      58.566       39.800        3.754       16.727
      58.667       59.700        3.734       16.477
      58.767       59.700        3.734       16.727
      58.868       59.700        3.859       16.977
      58.968       49.800        3.648       16.727
      59.069       39.800        3.785       16.977
      59.169       49.800        3.906       16.727
      59.270       39.800        3.906       16.477
      59.370       49.800        3.906       16.727
      59.470       29.900        3.906       16.727
      59.571       39.800        3.906       16.727
      59.671       39.800        4.195       17.230
      59.772       49.800        3.906       16.984
      59.872       59.700        4.156       17.754
      59.973       39.900        3.906       16.727
      60.073       39.800        3.844       16.727
      60.173       19.900        3.844       16.727
      60.274       29.900        3.844       16.977
      60.374       69.700        3.898       16.984
      60.475       69.400        3.895       16.727
      60.576       89.700        3.949       16.727
      60.676       49.800        3.836       16.727
      60.776       59.800        4.043       16.742
      60.877       49.800        3.840       16.727
      60.977       49.800        3.969       16.727
      61.077       39.800        3.969       16.977
      61.178       49.800        3.906       16.477
      61.278       49.800        3.906       16.477
      61.379       49.800        4.016       16.977
      61.479       49.800        3.797       16.727
      61.579       49.800        3.961       17.230
      61.680       49.800        3.836       16.727
      61.780       39.900        4.086       16.727
      61.881       49.800        4.184       16.727
      61.981       49.800        3.941       16.977
      62.081       39.800        3.941       16.727
      62.182       29.900        3.941       16.977
      62.282       49.800        3.941       16.727
      62.383       59.800        3.984       16.727
      62.483       49.800        3.984       16.727
      62.583       39.800        4.234       16.477
      62.684       29.900        4.234       16.477
      62.784       29.900        4.176       16.727
      62.885       39.800        4.176       16.727
      62.985       79.600        4.281       17.754
      63.086       89.500        4.133       17.754
      63.186       79.500        4.480       17.770
      63.287       49.800        4.109       16.746
      63.387       59.700        3.992       16.977
      63.488       49.800        3.992       16.727
      63.588       49.800        3.957       16.727
      63.689       29.900        3.848       16.477
      63.789       59.800        3.848       17.230
      63.890       59.700        3.844       16.477
      63.990       49.800        3.844       16.727
      64.091       49.800        3.805       16.727
      64.191       29.900        3.805       16.477
      64.291       39.800        3.930       16.727
      64.392       39.800        3.930       16.477
      64.492       49.800        3.926       16.727
      64.593       49.800        3.926       16.477
      64.693       29.900        3.926       16.727
      64.794       29.900        3.738       16.727
      64.894       59.800        3.863       16.727
      64.994       49.800        3.773       16.727
      65.095       49.800        3.898       16.477
      65.195       29.900        3.898       16.727
      65.296       19.900        3.898       16.727
      65.396       29.800        3.898       17.230
      65.497       49.800        3.816       16.477
      65.597       79.700        3.879       17.230
      65.698       49.800        3.879       16.727
      65.798       59.700        3.832       17.230
      65.898       59.800        3.840       16.727
      65.999       49.800        3.887       16.977
      66.099       49.800        3.887       16.727
      66.200       49.800        3.887       16.727
      66.300       39.800        3.863       16.977
      66.400       59.700        3.969       16.727
      66.501       59.800        4.094       16.734
      66.601       59.800        3.934       16.727
      66.702       39.800        4.059       16.727
      66.802       49.800        3.980       16.727
      66.903       49.700        4.105       16.727
      67.003       39.800        4.082       16.477
      67.103       49.800        4.082       16.727
      67.204       39.900        4.031       16.727
      67.304       29.900        4.031       16.727
      67.404       39.900        4.156       16.727
      67.505       49.800        4.281       16.977
      67.605       49.800        4.281       17.492
      67.705       49.800        4.137       16.477
      67.806       39.800        3.934       16.727
      67.906       29.900        4.059       16.977
      68.007       29.900        4.055       16.727
      68.107       89.700        3.676       16.977
      68.207       59.800        3.816       16.727
      68.308       49.800        3.781       16.977
      68.408       69.700        3.785       16.727
      68.509       39.800        3.785       16.977
      68.609       39.700        4.660       18.285
      68.710       39.900        3.871       16.977
      68.810       59.700        3.996       17.492
      68.910       59.800        3.828       16.477
      69.011       49.800        3.824       16.477
      69.111       39.900        3.918       16.727
      69.211       59.800        3.824       16.477
      69.312       29.900        3.824       16.727
      69.412       49.800        3.902       16.977
      69.513       39.800        3.953       16.727
      69.613       59.800        3.902       16.727
      69.713       49.800        3.926       16.727
      69.814       39.900        4.422       18.262
      69.914       39.900        4.047       16.727
      70.014       49.800        4.047       16.727
      70.115       39.900        4.043       16.727
      70.215       49.800        4.043       16.727
      70.315       49.800        4.043       16.727
      70.416       19.900        4.043       16.727
      70.516       39.800        4.043       16.727
      70.617       59.800        4.051       16.477
      70.717       69.700        4.043       16.727
      70.817       59.800        4.043       16.477
      70.918       59.800        4.043       16.984
      71.018       49.800        4.168       17.230
      71.119       59.800        4.043       16.727
      71.219       39.800        4.043       16.977
      71.319       39.800        4.043       17.230
      71.420       49.800        3.930       16.727
      71.520       69.700        4.055       16.977
      71.621       39.900        4.055       16.477
      71.721       49.800        3.988       16.727
      71.821       39.800        3.988       16.727
      71.922       49.800        3.988       16.727
      72.022       39.800        4.488       18.559
      72.123       59.700        3.988       16.727
      72.223       39.800        3.988       16.727
      72.324       39.800        4.109       17.238
      72.424       49.800        4.211       16.734
      72.524       49.700        3.973       16.477
      72.625       59.700        3.836       16.477
      72.726       49.700        4.137       16.727
      72.826       49.800        3.977       16.727
      72.927       29.900        4.164       16.727
      73.027       39.800        4.035       16.477
      73.127       49.800        4.160       16.727
      73.228       59.700        4.516       18.547
      73.328       69.700        4.016       16.727
      73.429       59.800        3.930       16.727
      73.529       49.800        4.031       16.977
      73.630       69.700        3.906       16.727
      73.730       39.800        4.031       17.230
      73.831       39.800        4.008       16.727
      73.931       49.800        4.074       16.727
      74.031       59.700        3.988       16.477
      74.132       69.700        3.930       16.477
      74.233       49.700        4.305       18.031
      74.333       49.800        3.953       16.727
      74.433       49.700        3.758       16.477
      74.534       59.700        3.723       16.727
      74.634       59.700        3.859       16.477
      74.735       69.700        4.004       16.477
      74.835       29.900        3.871       16.727
      74.936       39.800        3.871       16.977
      75.036       49.800        3.816       16.727
      75.137       59.800        4.031       17.508
      75.237       39.800        3.523       16.727
      75.337       49.800        3.648       16.477
      75.438       49.800        3.641       16.477
      75.538       29.900        3.641       16.727
      75.638       49.800        3.652       16.727
      75.739       39.800        3.824       16.977
      75.839       69.700        3.637       16.977
      75.940       79.700        3.723       16.727
      76.040       59.800        3.789       17.242
      76.141       59.700        3.793       16.977
      76.241       49.800        3.672       16.727
      76.341       59.800        3.672       16.477
      76.442       39.900        3.730       17.230
      76.542       59.800        3.805       16.727
      76.642       49.800        4.062       18.031
      76.743       69.800        3.688       16.727
      76.843       49.800        3.684       16.727
      76.943       39.900        3.684       16.977
      77.044       39.900        3.809       16.977
      77.144       49.800        3.684       16.727
      77.245       59.100        4.027       17.230
      77.346       49.800        3.695       16.727
      77.446       29.900        4.070       17.754
      77.547       49.800        3.820       16.727
      77.647       39.800        3.871       16.977
      77.747       49.800        3.723       16.727
      77.848       39.800        3.645       16.977
      77.948       59.700        3.762       17.230
      78.049       19.900        3.641       16.477
      78.149       29.900        3.602       16.727
      78.249       39.900        3.594       16.477
      78.350       59.800        3.719       16.727
      78.450       59.800        3.594       16.727
      78.550       89.700        3.586       16.727
      78.651       79.800        3.691       16.781
      78.751       29.900        3.652       16.477
      78.851       39.900        3.652       16.727
      78.952       49.800        3.777       16.977
      79.052       49.800        3.777       16.727
      79.152       49.800        3.672       16.727
      79.253       69.800        3.875       16.977
      79.353       49.800        3.871       16.727
      79.453       39.900        3.871       16.477
      79.554       39.900        3.871       16.727
      79.654       39.800        3.871       16.977
      79.755       59.800        4.117       17.230
      79.855       59.800        3.945       17.230
      79.955       29.900        3.695       16.727
      80.056       49.800        3.695       16.477
      80.156       39.900        3.695       16.727
      80.256       49.800        3.668       16.977
      80.357       59.800        3.711       16.727
      80.457       39.800        3.645       16.727
      80.558       39.800        3.641       16.727
      80.658       29.900        3.641       16.727
      80.758       19.900        3.641       16.477
      80.859       59.700        3.641       16.477
      80.959       69.700        4.496       18.285
      81.060       89.600        3.688       16.727
      81.160       49.800        3.809       16.734
      81.260       59.800        3.684       16.727
      81.361       29.900        3.684       16.727
      81.461       39.800        3.809       17.238
      81.562       49.800        3.688       16.727
      81.662       39.800        3.688       16.477
      81.762       59.800        3.758       16.727
      81.863       49.800        3.688       16.727
      81.963       39.800        3.758       17.246
      82.064       39.800        3.695       16.477
      82.164       39.800        3.781       16.727
      82.265       39.800        3.664       16.727
      82.365       59.800        3.664       16.727
      82.465       39.800        3.664       16.727
      82.566       49.800        3.664       16.727
      82.666       29.900        3.664       16.477
      82.767       39.800        3.664       16.727
      82.867       59.700        3.789       16.977
      82.967       49.800        3.832       16.727
      83.068       49.800        3.926       16.477
      83.168       19.900        3.926       16.477
      83.269       29.900        3.926       16.727
      83.369       39.800        4.023       16.727
      83.469       59.700        3.930       16.977
      83.570       79.600        3.863       17.508
      83.670       69.700        3.988       17.262
      83.771       59.700        3.738       16.477
      83.871       39.800        3.855       16.727
      83.972       59.800        3.738       16.727
      84.072       59.700        3.738       16.727
      84.172       39.900        3.738       16.477
      84.273       49.800        3.738       16.727
      84.373       59.800        3.953       17.254
      84.473       39.900        3.828       16.727
      84.574       59.700        3.828       16.477
      84.674       39.800        3.828       16.727
      84.775       39.900        3.828       16.727
      84.875       39.800        3.824       16.977
      84.976       69.600        3.867       16.727
      85.076       39.800        3.867       16.727
      85.176       39.900        3.828       16.727
      85.277       39.800        3.828       17.230
      85.377       39.800        3.859       17.238
      85.478       59.700        4.086       17.230
      85.578       39.800        3.734       16.977
      85.678       49.800        3.617       16.727
      85.779       39.800        3.617       16.727
      85.879       19.900        3.617       16.727
      85.980       49.800        3.574       17.246
      86.080       59.700        3.941       18.016
      86.181       69.700        3.512       16.730
      86.281       69.700        3.512       16.727
      86.381       59.700        3.594       17.238
      86.488       56.100        3.594       16.727
      86.589       59.700        3.672       16.727
      86.689       39.800        3.781       16.977
      86.790       59.800        3.617       16.727
      86.890       49.800        3.617       16.477
      86.990       49.800        3.652       17.238
      87.091       59.700        3.648       16.977
      87.191       39.800        3.773       16.727
      87.292       29.900        3.828       16.727
      87.392       59.800        3.730       16.727
      87.493       49.800        3.785       16.727
      87.593       39.800        3.789       16.727
      87.693       49.800        3.742       16.477
      87.794       39.800        3.742       16.734
      87.894       39.800        3.742       16.727
      87.995       49.800        3.695       16.477
      88.095       69.700        3.820       16.977
      88.196       39.800        3.695       16.727
      88.296       29.900        3.695       17.230
      88.396       29.900        3.695       16.727
      88.497       49.800        3.695       16.727
      88.597       59.700        4.793       18.559
      88.698       69.700        3.711       16.477
      88.798       49.800        3.715       16.727
      88.899       79.700        4.176       17.492
      88.999       49.800        3.922       16.727
      89.099       49.800        3.883       16.727
      89.200       49.800        3.797       16.477
      89.300       49.800        3.711       16.477
      89.401       49.800        4.090       16.977
      89.501       49.800        3.828       16.477
      89.601       49.800        4.164       17.500
      89.702       49.800        3.789       16.727
      89.802       29.900        3.789       16.727
      89.903       59.800        3.789       16.727
      90.003       49.800        3.789       16.727
      90.103       49.800        3.789       16.977
      90.204       29.900        3.883       16.477
      90.304       49.800        3.883       16.727
      90.405       39.800        3.766       16.727
      90.505       39.800        3.766       16.727
      90.605       49.800        3.859       17.492
      90.706       49.800        3.828       16.977
      90.806       29.900        3.762       16.727
      90.907       39.900        3.762       16.477
      91.007       19.900        3.762       16.727
      91.107       49.800        3.707       16.727
      91.208       59.700        3.828       16.727
      91.308       69.700        3.562       16.477
      91.409       79.300        4.621       18.293
      91.510      109.200        4.887       18.547
      91.610       59.700        3.637       17.230
      91.711       49.800        3.887       16.727
      91.811       49.800        3.844       16.727
      91.912       49.800        3.844       16.727
      92.012       49.800        3.914       16.977
      92.112       49.800        3.848       16.727
      92.213       59.600        3.848       17.238
      92.314       49.800        3.727       16.727
      92.414       39.900        3.652       16.727
      92.514       49.800        3.832       17.230
      92.614       39.900        3.617       16.477
      92.715       69.700        3.617       16.727
      92.815       29.900        3.617       16.727
      92.916       39.900        3.742       16.727
      93.016       49.800        3.742       16.477
      93.116       29.900        3.652       16.477
      93.217       59.800        3.645       16.727
      93.317       39.800        3.770       16.477
      93.417       29.900        3.652       16.727
      93.518       29.900        3.652       16.727
      93.618       49.800        3.648       16.984
      93.718       49.800        3.691       16.977
      93.819       79.700        3.777       16.977
      93.919       39.900        3.719       16.977
      94.019       59.800        3.719       16.727
      94.120       69.800        3.684       16.727
      94.220       39.800        3.684       16.727
      94.321       49.800        3.684       16.477
      94.421       49.800        3.684       16.977
      94.521       49.800        3.809       16.977
      94.622       49.800        3.555       16.727
      94.722       39.800        3.445       16.477
      94.823       59.700        3.543       16.727
      94.923       29.900        3.539       16.727
      95.023       29.900        3.539       16.727
      95.124       49.800        3.652       16.727
      95.224       59.700        3.594       16.477
      95.325       39.900        3.441       16.727
      95.425       29.900        3.441       16.727
      95.525       39.900        3.480       16.477
      95.626       39.900        3.480       16.727
      95.726       49.800        3.480       16.727
      95.826       49.800        3.480       16.477
      95.927       29.900        3.605       16.977
      96.027       39.800        3.465       16.727
      96.128       10.000        3.965       17.762
      96.228       59.800        3.461       16.977
      96.329       39.800        3.461       16.727
      96.429       79.600        3.562       16.727
      96.530       39.800        3.562       16.477
      96.630       79.700        3.738       17.516
      96.730       59.700        3.613       16.727
      96.831       69.700        3.812       17.230
      96.931       39.800        3.543       16.727
      97.032       49.800        3.543       16.477
      97.132       49.800        3.508       16.727
      97.232       59.700        3.508       16.477
      97.333       39.800        3.730       16.742
      97.433       49.800        3.730       16.727
      97.534       39.900        3.730       16.727
      97.634       39.800        3.730       16.477
      97.734       49.800        3.855       16.727
      97.835       49.800        3.734       16.477
      97.935       49.800        3.750       16.727
      98.035       29.900        3.727       16.727
      98.136       39.800        3.648       16.727
      98.236       59.800        4.047       17.246
      98.337       59.700        3.809       17.230
      98.437       49.800        3.559       16.727
      98.538       19.900        3.637       16.477
      98.638       29.900        3.637       16.727
      98.738       39.800        3.633       16.477
      98.839       69.700        3.621       16.977
      98.939       69.700        3.684       17.500
      99.040       69.700        3.496       16.727
      99.140       49.800        3.496       16.477
      99.240       69.700        3.621       16.977
      99.341       69.700        3.664       16.980
      99.441       69.700        3.582       16.734
      99.542       39.900        3.621       16.727
      99.642       39.800        3.621       16.727
      99.742       59.800        3.535       16.977
      99.843       59.800        3.465       16.477
      99.943       39.800        3.434       16.727
