# Elapsed time   CPU (%)     Real (MB)   Virtual (MB)
       0.000        0.000        3.238       15.805
       0.100        0.000        3.238       15.805
       0.201        0.000        3.238       15.805
       0.301        0.000        3.238       15.805
       0.401        0.000        3.238       15.805
       0.502        0.000        3.238       15.805
       0.602        0.000        3.238       15.805
       0.702        0.000        3.238       15.805
       0.803        0.000        3.238       15.805
       0.903        0.000        3.238       15.805
       1.003        0.000        3.238       15.805
       1.104        0.000        3.238       15.805
       1.205        0.000        3.238       15.805
       1.305        0.000        3.238       15.805
       1.406        0.000        3.238       15.805
       1.506        0.000        3.238       15.805
       1.607        0.000        3.238       15.805
       1.707        0.000        3.238       15.805
       1.807        0.000        3.238       15.805
       1.908        0.000        3.238       15.805
       2.008        0.000        3.238       15.805
       2.108        0.000        3.238       15.805
       2.209        0.000        3.238       15.805
       2.310        0.000        3.238       15.805
       2.410        0.000        3.238       15.805
       2.511        0.000        3.238       15.805
       2.611        0.000        3.238       15.805
       2.712        0.000        3.238       15.805
       2.812        0.000        3.238       15.805
       2.912        0.000        3.238       15.805
       3.013        0.000        3.238       15.805
       3.113        0.000        3.238       15.805
       3.214        0.000        3.238       15.805
       3.314        0.000        3.238       15.805
       3.414        0.000        3.238       15.805
       3.515        0.000        3.238       15.805
       3.616        0.000        3.238       15.805
       3.716        0.000        3.238       15.805
       3.816        0.000        3.238       15.805
       3.917        0.000        3.238       15.805
       4.017        0.000        3.238       15.805
       4.117        0.000        3.238       15.805
       4.218        0.000        3.238       15.805
       4.318        0.000        3.238       15.805
       4.419        0.000        3.238       15.805
       4.519        0.000        3.238       15.805
       4.619        0.000        3.238       15.805
       4.720        0.000        3.238       15.805
       4.821        0.000        3.238       15.805
       4.921        0.000        3.238       15.805
       5.021        0.000        3.238       15.805
       5.122        0.000        3.238       15.805
       5.222        0.000        3.238       15.805
       5.322        0.000        3.238       15.805
       5.423        0.000        3.238       15.805
       5.523        0.000        3.238       15.805
       5.624        0.000        3.238       15.805
       5.724        0.000        3.238       15.805
       5.824        0.000        3.238       15.805
       5.925        0.000        3.238       15.805
       6.025        0.000        3.238       15.805
       6.126        0.000        3.238       15.805
       6.226        0.000        3.238       15.805
       6.326        0.000        3.238       15.805
       6.427        0.000        3.238       15.805
       6.527        0.000        3.238       15.805
       6.627        0.000        3.238       15.805
       6.727        0.000        3.238       15.805
       6.828        0.000        3.238       15.805
       6.928        0.000        3.238       15.805
       7.028        0.000        3.238       15.805
       7.129        0.000        3.238       15.805
       7.229        0.000        3.238       15.805
       7.329        0.000        3.238       15.805
       7.430        0.000        3.238       15.805
       7.530        0.000        3.238       15.805
       7.630        0.000        3.238       15.805
       7.731        0.000        3.238       15.805
       7.831        0.000        3.238       15.805
       7.932        0.000        3.238       15.805
       8.032        0.000        3.238       15.805
       8.132        0.000        3.238       15.805
       8.233        0.000        3.238       15.805
       8.333        0.000        3.238       15.805
       8.433        0.000        3.238       15.805
       8.534        0.000        3.238       15.805
       8.634        0.000        3.238       15.805
       8.734        0.000        3.238       15.805
       8.835        0.000        3.238       15.805
       8.935        0.000        3.238       15.805
       9.035        0.000        3.238       15.805
       9.136        0.000        3.238       15.805
       9.236        0.000        3.238       15.805
       9.336        0.000        3.238       15.805
       9.437        0.000        3.238       15.805
       9.537        0.000        3.238       15.805
       9.637        0.000        3.238       15.805
       9.738        0.000        3.238       15.805
       9.838        0.000        3.238       15.805
       9.938        0.000        3.238       15.805
      10.039        0.000        3.238       15.805
      10.139        0.000        3.238       15.805
      10.239        0.000        3.238       15.805
      10.340        0.000        3.238       15.805
      10.440        0.000        3.238       15.805
      10.540        0.000        3.238       15.805
      10.641        0.000        3.238       15.805
      10.741        0.000        3.238       15.805
      10.841        0.000        3.238       15.805
      10.942        0.000        3.238       15.805
      11.042        0.000        3.238       15.805
      11.143        0.000        3.238       15.805
      11.243        0.000        3.238       15.805
      11.343        0.000        3.238       15.805
      11.444        0.000        3.238       15.805
      11.544        0.000        3.238       15.805
      11.644        0.000        3.238       15.805
      11.745        0.000        3.238       15.805
      11.845        0.000        3.238       15.805
      11.945        0.000        3.238       15.805
      12.046        0.000        3.238       15.805
      12.146        0.000        3.238       15.805
      12.246        0.000        3.238       15.805
      12.347        0.000        3.238       15.805
      12.447        0.000        3.238       15.805
      12.548        0.000        3.238       15.805
      12.648        0.000        3.238       15.805
      12.748        0.000        3.238       15.805
      12.848        0.000        3.238       15.805
      12.949        0.000        3.238       15.805
      13.049        0.000        3.238       15.805
      13.149        0.000        3.238       15.805
      13.250        0.000        3.238       15.805
      13.350        0.000        3.238       15.805
      13.450        0.000        3.238       15.805
      13.551        0.000        3.238       15.805
      13.651        0.000        3.238       15.805
      13.751        0.000        3.238       15.805
      13.852        0.000        3.238       15.805
      13.952        0.000        3.238       15.805
      14.052        0.000        3.238       15.805
      14.153        0.000        3.238       15.805
      14.253        0.000        3.238       15.805
      14.353        0.000        3.238       15.805
      14.454        0.000        3.238       15.805
      14.554        0.000        3.238       15.805
      14.654        0.000        3.238       15.805
      14.755        0.000        3.238       15.805
      14.855        0.000        3.238       15.805
      14.955        0.000        3.238       15.805
      15.056        0.000        3.238       15.805
      15.156        0.000        3.238       15.805
      15.256        0.000        3.238       15.805
      15.357        0.000        3.238       15.805
      15.457        0.000        3.238       15.805
      15.557        0.000        3.238       15.805
      15.658        0.000        3.238       15.805
      15.758        0.000        3.238       15.805
      15.858        0.000        3.238       15.805
      15.959        0.000        3.238       15.805
      16.059        0.000        3.238       15.805
      16.159        0.000        3.238       15.805
      16.260        0.000        3.238       15.805
      16.360        0.000        3.238       15.805
      16.460        0.000        3.238       15.805
      16.561        0.000        3.238       15.805
      16.661        0.000        3.238       15.805
      16.761        0.000        3.238       15.805
      16.862        0.000        3.238       15.805
      16.962        0.000        3.238       15.805
      17.062        0.000        3.238       15.805
      17.163        0.000        3.238       15.805
      17.263        0.000        3.238       15.805
      17.363        0.000        3.238       15.805
      17.464        0.000        3.238       15.805
      17.564        0.000        3.238       15.805
      17.665        0.000        3.238       15.805
      17.765        0.000        3.238       15.805
      17.865        0.000        3.238       15.805
      17.966        0.000        3.238       15.805
      18.066        0.000        3.238       15.805
      18.166        0.000        3.238       15.805
      18.267        0.000        3.238       15.805
      18.367        0.000        3.238       15.805
      18.467        0.000        3.238       15.805
      18.567        0.000        3.238       15.805
      18.668        0.000        3.238       15.805
      18.768        0.000        3.238       15.805
      18.868        0.000        3.238       15.805
      18.969        0.000        3.238       15.805
      19.069        0.000        3.238       15.805
      19.169        0.000        3.238       15.805
      19.270        0.000        3.238       15.805
      19.370        0.000        3.238       15.805
      19.470        0.000        3.238       15.805
      19.571        0.000        3.238       15.805
      19.671        0.000        3.238       15.805
      19.771        0.000        3.238       15.805
      19.872        0.000        3.238       15.805
      19.972        0.000        3.238       15.805
      20.072        0.000        3.238       15.805
      20.173        0.000        3.238       15.805
      20.273        0.000        3.238       15.805
      20.373        0.000        3.238       15.805
      20.474        0.000        3.238       15.805
      20.574        0.000        3.238       15.805
      20.674        0.000        3.238       15.805
      20.775        0.000        3.238       15.805
      20.875        0.000        3.238       15.805
      20.975        0.000        3.238       15.805
      21.076        0.000        3.238       15.805
      21.176        0.000        3.238       15.805
      21.276        0.000        3.238       15.805
      21.377        0.000        3.238       15.805
      21.477        0.000        3.238       15.805
      21.577        0.000        3.238       15.805
      21.678        0.000        3.238       15.805
      21.778        0.000        3.238       15.805
      21.878        0.000        3.238       15.805
      21.979        0.000        3.238       15.805
      22.079        0.000        3.238       15.805
      22.179        0.000        3.238       15.805
      22.280        0.000        3.238       15.805
      22.380        0.000        3.238       15.805
      22.481        0.000        3.238       15.805
      22.581        0.000        3.238       15.805
      22.681        0.000        3.238       15.805
      22.782        0.000        3.238       15.805
      22.882        0.000        3.238       15.805
      22.982        0.000        3.238       15.805
      23.083        0.000        3.238       15.805
      23.183        0.000        3.238       15.805
      23.283        0.000        3.238       15.805
      23.384        0.000        3.238       15.805
      23.484        0.000        3.238       15.805
      23.584        0.000        3.238       15.805
      23.685        0.000        3.238       15.805
      23.785        0.000        3.238       15.805
      23.885        0.000        3.238       15.805
      23.986        0.000        3.238       15.805
      24.086        0.000        3.238       15.805
      24.186        0.000        3.238       15.805
      24.287        0.000        3.238       15.805
      24.387        0.000        3.238       15.805
      24.487        0.000        3.238       15.805
      24.588        0.000        3.238       15.805
      24.688        0.000        3.238       15.805
      24.788        0.000        3.238       15.805
      24.889        0.000        3.238       15.805
      24.989        0.000        3.238       15.805
      25.089        0.000        3.238       15.805
      25.190        0.000        3.238       15.805
      25.290        0.000        3.238       15.805
      25.390        0.000        3.238       15.805
      25.491        0.000        3.238       15.805
      25.591        0.000        3.238       15.805
      25.691        0.000        3.238       15.805
      25.792        0.000        3.238       15.805
      25.892        0.000        3.238       15.805
      25.992        0.000        3.238       15.805
      26.093        0.000        3.238       15.805
      26.193        0.000        3.238       15.805
      26.293        0.000        3.238       15.805
      26.394        0.000        3.238       15.805
      26.494        0.000        3.238       15.805
      26.594        0.000        3.238       15.805
      26.695        0.000        3.238       15.805
      26.795        0.000        3.238       15.805
      26.895        0.000        3.238       15.805
      26.996        0.000        3.238       15.805
      27.096        0.000        3.238       15.805
      27.196        0.000        3.238       15.805
      27.297        0.000        3.238       15.805
      27.397        0.000        3.238       15.805
      27.497        0.000        3.238       15.805
      27.598        0.000        3.238       15.805
      27.698        0.000        3.238       15.805
      27.798        0.000        3.238       15.805
      27.899        0.000        3.238       15.805
      27.999        0.000        3.238       15.805
      28.099        0.000        3.238       15.805
      28.200        0.000        3.238       15.805
      28.300        0.000        3.238       15.805
      28.400        0.000        3.238       15.805
      28.501        0.000        3.238       15.805
      28.601        0.000        3.238       15.805
      28.701        0.000        3.238       15.805
      28.802        0.000        3.238       15.805
      28.902        0.000        3.238       15.805
      29.002        0.000        3.238       15.805
      29.103        0.000        3.238       15.805
      29.203        0.000        3.238       15.805
      29.303        0.000        3.238       15.805
      29.404        0.000        3.238       15.805
      29.504        0.000        3.238       15.805
      29.605        0.000        3.238       15.805
      29.705        0.000        3.238       15.805
      29.805        0.000        3.238       15.805
      29.906        0.000        3.238       15.805
      30.006        0.000        3.238       15.805
      30.106        0.000        3.238       15.805
      30.207        0.000        3.238       15.805
      30.307        0.000        3.238       15.805
      30.407        0.000        3.238       15.805
      30.507        0.000        3.238       15.805
      30.608        0.000        3.238       15.805
      30.708        0.000        3.238       15.805
      30.808        0.000        3.238       15.805
      30.909        0.000        3.238       15.805
      31.009        0.000        3.238       15.805
      31.109        0.000        3.238       15.805
      31.210        0.000        3.238       15.805
      31.310        0.000        3.238       15.805
      31.410        0.000        3.238       15.805
      31.511        0.000        3.238       15.805
      31.611        0.000        3.238       15.805
      31.711        0.000        3.238       15.805
      31.812        0.000        3.238       15.805
      31.912        0.000        3.238       15.805
      32.012        0.000        3.238       15.805
      32.113        0.000        3.238       15.805
      32.213        0.000        3.238       15.805
      32.313        0.000        3.238       15.805
      32.414        0.000        3.238       15.805
      32.514        0.000        3.238       15.805
      32.614        0.000        3.238       15.805
      32.715        0.000        3.238       15.805
      32.815        0.000        3.238       15.805
      32.915        0.000        3.238       15.805
      33.016        0.000        3.238       15.805
      33.116        0.000        3.238       15.805
      33.216        0.000        3.238       15.805
      33.317        0.000        3.238       15.805
      33.417        0.000        3.238       15.805
      33.517        0.000        3.238       15.805
      33.618        0.000        3.238       15.805
      33.718        0.000        3.238       15.805
      33.818        0.000        3.238       15.805
      33.919        0.000        3.238       15.805
      34.019        0.000        3.238       15.805
      34.119        0.000        3.238       15.805
      34.220        0.000        3.238       15.805
      34.320        0.000        3.238       15.805
      34.420        0.000        3.238       15.805
      34.521        0.000        3.238       15.805
      34.621        0.000        3.238       15.805
      34.721        0.000        3.238       15.805
      34.822        0.000        3.238       15.805
      34.922        0.000        3.238       15.805
      35.022        0.000        3.238       15.805
      35.123        0.000        3.238       15.805
      35.223        0.000        3.238       15.805
      35.323        0.000        3.238       15.805
      35.424        0.000        3.238       15.805
      35.524        0.000        3.238       15.805
      35.624        0.000        3.238       15.805
      35.725        0.000        3.238       15.805
      35.825        0.000        3.238       15.805
      35.925        0.000        3.238       15.805
      36.026        0.000        3.238       15.805
      36.126        0.000        3.238       15.805
      36.226        0.000        3.238       15.805
      36.327        0.000        3.238       15.805
      36.427        0.000        3.238       15.805
      36.527        0.000        3.238       15.805
      36.628        0.000        3.238       15.805
      36.728        0.000        3.238       15.805
      36.828        0.000        3.238       15.805
      36.929        0.000        3.238       15.805
      37.029        0.000        3.238       15.805
      37.129        0.000        3.238       15.805
      37.230        0.000        3.238       15.805
      37.330        0.000        3.238       15.805
      37.431        0.000        3.238       15.805
      37.531        0.000        3.238       15.805
      37.631        0.000        3.238       15.805
      37.732        0.000        3.238       15.805
      37.832        0.000        3.238       15.805
      37.932        0.000        3.238       15.805
      38.033        0.000        3.238       15.805
      38.133        0.000        3.238       15.805
      38.234        0.000        3.238       15.805
      38.334        0.000        3.238       15.805
      38.434        0.000        3.238       15.805
      38.535        0.000        3.238       15.805
      38.635        0.000        3.238       15.805
      38.735        0.000        3.238       15.805
      38.836        0.000        3.238       15.805
      38.936        0.000        3.238       15.805
      39.036        0.000        3.238       15.805
      39.137        0.000        3.238       15.805
      39.237        0.000        3.238       15.805
      39.337        0.000        3.238       15.805
      39.438        0.000        3.238       15.805
      39.538        0.000        3.238       15.805
      39.638        0.000        3.238       15.805
      39.739        0.000        3.238       15.805
      39.839        0.000        3.238       15.805
      39.939        0.000        3.238       15.805
      40.040        0.000        3.238       15.805
      40.140        0.000        3.238       15.805
      40.240        0.000        3.238       15.805
      40.341        0.000        3.238       15.805
      40.441        0.000        3.238       15.805
      40.541        0.000        3.238       15.805
      40.642        0.000        3.238       15.805
      40.742        0.000        3.238       15.805
      40.842        0.000        3.238       15.805
      40.943        0.000        3.238       15.805
      41.043        0.000        3.238       15.805
      41.143        0.000        3.238       15.805
      41.244        0.000        3.238       15.805
      41.344        0.000        3.238       15.805
      41.444        0.000        3.238       15.805
      41.545        0.000        3.238       15.805
      41.645        0.000        3.238       15.805
      41.745        0.000        3.238       15.805
      41.846        0.000        3.238       15.805
      41.946        0.000        3.238       15.805
      42.046        0.000        3.238       15.805
      42.147        0.000        3.238       15.805
      42.247        0.000        3.238       15.805
      42.347        0.000        3.238       15.805
      42.448        0.000        3.238       15.805
      42.548        0.000        3.238       15.805
      42.648        0.000        3.238       15.805
      42.749        0.000        3.238       15.805
      42.849        0.000        3.238       15.805
      42.949        0.000        3.238       15.805
      43.050        0.000        3.238       15.805
      43.150        0.000        3.238       15.805
      43.250        0.000        3.238       15.805
      43.351        0.000        3.238       15.805
      43.451        0.000        3.238       15.805
      43.551        0.000        3.238       15.805
      43.652        0.000        3.238       15.805
      43.752        0.000        3.238       15.805
      43.852        0.000        3.238       15.805
      43.953        0.000        3.238       15.805
      44.053        0.000        3.238       15.805
      44.153        0.000        3.238       15.805
      44.254        0.000        3.238       15.805
      44.354        0.000        3.238       15.805
      44.454        0.000        3.238       15.805
      44.555        0.000        3.238       15.805
      44.655        0.000        3.238       15.805
      44.755        0.000        3.238       15.805
      44.856        0.000        3.238       15.805
      44.956        0.000        3.238       15.805
      45.056        0.000        3.238       15.805
      45.157        0.000        3.238       15.805
      45.257        0.000        3.238       15.805
      45.357        0.000        3.238       15.805
      45.458        0.000        3.238       15.805
      45.558        0.000        3.238       15.805
      45.658        0.000        3.238       15.805
      45.759        0.000        3.238       15.805
      45.859        0.000        3.238       15.805
      45.959        0.000        3.238       15.805
      46.060        0.000        3.238       15.805
      46.160        0.000        3.238       15.805
      46.260        0.000        3.238       15.805
      46.361        0.000        3.238       15.805
      46.461        0.000        3.238       15.805
      46.561        0.000        3.238       15.805
      46.662        0.000        3.238       15.805
      46.762        0.000        3.238       15.805
      46.862        0.000        3.238       15.805
      46.963        0.000        3.238       15.805
      47.063        0.000        3.238       15.805
      47.163        0.000        3.238       15.805
      47.264        0.000        3.238       15.805
      47.364        0.000        3.238       15.805
      47.464        0.000        3.238       15.805
      47.565        0.000        3.238       15.805
      47.665        0.000        3.238       15.805
      47.765        0.000        3.238       15.805
      47.866        0.000        3.238       15.805
      47.966        0.000        3.238       15.805
      48.066        0.000        3.238       15.805
      48.167        0.000        3.238       15.805
      48.267        0.000        3.238       15.805
      48.367        0.000        3.238       15.805
      48.468        0.000        3.238       15.805
      48.568        0.000        3.238       15.805
      48.668        0.000        3.238       15.805
      48.769        0.000        3.238       15.805
      48.869        0.000        3.238       15.805
      48.969        0.000        3.238       15.805
      49.070        0.000        3.238       15.805
      49.170        0.000        3.238       15.805
      49.270        0.000        3.238       15.805
      49.371        0.000        3.238       15.805
      49.471        0.000        3.238       15.805
      49.571        0.000        3.238       15.805
      49.672        0.000        3.238       15.805
      49.772        0.000        3.238       15.805
      49.872        0.000        3.238       15.805
      49.973        0.000        3.238       15.805
      50.073        0.000        3.238       15.805
      50.173        0.000        3.238       15.805
      50.274        0.000        3.238       15.805
      50.374        0.000        3.238       15.805
      50.475        0.000        3.238       15.805
      50.575        0.000        3.238       15.805
      50.675        0.000        3.238       15.805
      50.776        0.000        3.238       15.805
      50.876        0.000        3.238       15.805
      50.976        0.000        3.238       15.805
      51.077        0.000        3.238       15.805
      51.177        0.000        3.238       15.805
      51.277        0.000        3.238       15.805
      51.378        0.000        3.238       15.805
      51.478        0.000        3.238       15.805
      51.578        0.000        3.238       15.805
      51.679        0.000        3.238       15.805
      51.779        0.000        3.238       15.805
      51.879        0.000        3.238       15.805
      51.980        0.000        3.238       15.805
      52.080        0.000        3.238       15.805
      52.180        0.000        3.238       15.805
      52.281        0.000        3.238       15.805
      52.381        0.000        3.238       15.805
      52.481        0.000        3.238       15.805
      52.582        0.000        3.238       15.805
      52.682        0.000        3.238       15.805
      52.782        0.000        3.238       15.805
      52.883        0.000        3.238       15.805
      52.983        0.000        3.238       15.805
      53.083        0.000        3.238       15.805
      53.184        0.000        3.238       15.805
      53.284        0.000        3.238       15.805
      53.384        0.000        3.238       15.805
      53.485        0.000        3.238       15.805
      53.585        0.000        3.238       15.805
      53.685        0.000        3.238       15.805
      53.786        0.000        3.238       15.805
      53.886        0.000        3.238       15.805
      53.986        0.000        3.238       15.805
      54.087        0.000        3.238       15.805
      54.187        0.000        3.238       15.805
      54.287        0.000        3.238       15.805
      54.388        0.000        3.238       15.805
      54.488        0.000        3.238       15.805
      54.588        0.000        3.238       15.805
      54.689        0.000        3.238       15.805
      54.789        0.000        3.238       15.805
      54.889        0.000        3.238       15.805
      54.990        0.000        3.238       15.805
      55.090        0.000        3.238       15.805
      55.190        0.000        3.238       15.805
      55.291        0.000        3.238       15.805
      55.391        0.000        3.238       15.805
      55.491        0.000        3.238       15.805
      55.592        0.000        3.238       15.805
      55.692        0.000        3.238       15.805
      55.792        0.000        3.238       15.805
      55.893        0.000        3.238       15.805
      55.993        0.000        3.238       15.805
      56.093        0.000        3.238       15.805
      56.194        0.000        3.238       15.805
      56.294        0.000        3.238       15.805
      56.394        0.000        3.238       15.805
      56.495        0.000        3.238       15.805
      56.595        0.000        3.238       15.805
      56.695        0.000        3.238       15.805
      56.796        0.000        3.238       15.805
      56.896        0.000        3.238       15.805
      56.996        0.000        3.238       15.805
      57.097        0.000        3.238       15.805
      57.197        0.000        3.238       15.805
      57.297        0.000        3.238       15.805
      57.398        0.000        3.238       15.805
      57.498        0.000        3.238       15.805
      57.598        0.000        3.238       15.805
      57.699        0.000        3.238       15.805
      57.799        0.000        3.238       15.805
      57.899        0.000        3.238       15.805
      58.000        0.000        3.238       15.805
      58.100        0.000        3.238       15.805
      58.200        0.000        3.238       15.805
      58.301        0.000        3.238       15.805
      58.401        0.000        3.238       15.805
      58.501        0.000        3.238       15.805
      58.602        0.000        3.238       15.805
      58.702        0.000        3.238       15.805
      58.802        0.000        3.238       15.805
      58.903        0.000        3.238       15.805
      59.003        0.000        3.238       15.805
      59.103        0.000        3.238       15.805
      59.204        0.000        3.238       15.805
      59.304        0.000        3.238       15.805
      59.404        0.000        3.238       15.805
      59.505        0.000        3.238       15.805
      59.605        0.000        3.238       15.805
      59.705        0.000        3.238       15.805
      59.806        0.000        3.238       15.805
      59.906        0.000        3.238       15.805
      60.006        0.000        3.238       15.805
      60.107        0.000        3.238       15.805
      60.207        0.000        3.238       15.805
      60.307        0.000        3.238       15.805
      60.408        0.000        3.238       15.805
      60.508        0.000        3.238       15.805
      60.608        0.000        3.238       15.805
      60.709        0.000        3.238       15.805
      60.809        0.000        3.238       15.805
      60.909        0.000        3.238       15.805
      61.010        0.000        3.238       15.805
      61.110        0.000        3.238       15.805
      61.210        0.000        3.238       15.805
      61.311        0.000        3.238       15.805
      61.411        0.000        3.238       15.805
      61.511        0.000        3.238       15.805
      61.612        0.000        3.238       15.805
      61.712        0.000        3.238       15.805
      61.812        0.000        3.238       15.805
      61.913        0.000        3.238       15.805
      62.013        0.000        3.238       15.805
      62.113        0.000        3.238       15.805
      62.214        0.000        3.238       15.805
      62.314        0.000        3.238       15.805
      62.414        0.000        3.238       15.805
      62.515        0.000        3.238       15.805
      62.615        0.000        3.238       15.805
      62.715        0.000        3.238       15.805
      62.816        0.000        3.238       15.805
      62.916        0.000        3.238       15.805
      63.016        0.000        3.238       15.805
      63.117        0.000        3.238       15.805
      63.217        0.000        3.238       15.805
      63.317        0.000        3.238       15.805
      63.418        0.000        3.238       15.805
      63.518        0.000        3.238       15.805
      63.618        0.000        3.238       15.805
      63.719        0.000        3.238       15.805
      63.819        0.000        3.238       15.805
      63.919        0.000        3.238       15.805
      64.020        0.000        3.238       15.805
      64.120        0.000        3.238       15.805
      64.220        0.000        3.238       15.805
      64.321        0.000        3.238       15.805
      64.421        0.000        3.238       15.805
      64.521        0.000        3.238       15.805
      64.622        0.000        3.238       15.805
      64.722        0.000        3.238       15.805
      64.822        0.000        3.238       15.805
      64.923        0.000        3.238       15.805
      65.023        0.000        3.238       15.805
      65.123        0.000        3.238       15.805
      65.224        0.000        3.238       15.805
      65.324        0.000        3.238       15.805
      65.424        0.000        3.238       15.805
      65.525        0.000        3.238       15.805
      65.625        0.000        3.238       15.805
      65.725        0.000        3.238       15.805
      65.826        0.000        3.238       15.805
      65.926        0.000        3.238       15.805
      66.026        0.000        3.238       15.805
      66.127        0.000        3.238       15.805
      66.227        0.000        3.238       15.805
      66.327        0.000        3.238       15.805
      66.428        0.000        3.238       15.805
      66.528        0.000        3.238       15.805
      66.628        0.000        3.238       15.805
      66.729        0.000        3.238       15.805
      66.829        0.000        3.238       15.805
      66.929        0.000        3.238       15.805
      67.030        0.000        3.238       15.805
      67.130        0.000        3.238       15.805
      67.230        0.000        3.238       15.805
      67.331        0.000        3.238       15.805
      67.431        0.000        3.238       15.805
      67.531        0.000        3.238       15.805
      67.632        0.000        3.238       15.805
      67.732        0.000        3.238       15.805
      67.832        0.000        3.238       15.805
      67.933        0.000        3.238       15.805
      68.033        0.000        3.238       15.805
      68.134        0.000        3.238       15.805
      68.234        0.000        3.238       15.805
      68.334        0.000        3.238       15.805
      68.435        0.000        3.238       15.805
      68.535        0.000        3.238       15.805
      68.635        0.000        3.238       15.805
      68.736        0.000        3.238       15.805
      68.836        0.000        3.238       15.805
      68.936        0.000        3.238       15.805
      69.037        0.000        3.238       15.805
      69.137        0.000        3.238       15.805
      69.237        0.000        3.238       15.805
      69.338        0.000        3.238       15.805
      69.438        0.000        3.238       15.805
      69.538        0.000        3.238       15.805
      69.639        0.000        3.238       15.805
      69.739        0.000        3.238       15.805
      69.839        0.000        3.238       15.805
      69.940        0.000        3.238       15.805
      70.040        0.000        3.238       15.805
      70.140        0.000        3.238       15.805
      70.241        0.000        3.238       15.805
      70.341        0.000        3.238       15.805
      70.441        0.000        3.238       15.805
      70.542        0.000        3.238       15.805
      70.642        0.000        3.238       15.805
      70.742        0.000        3.238       15.805
      70.843        0.000        3.238       15.805
      70.943        0.000        3.238       15.805
      71.043        0.000        3.238       15.805
      71.144        0.000        3.238       15.805
      71.244        0.000        3.238       15.805
      71.344        0.000        3.238       15.805
      71.445        0.000        3.238       15.805
      71.545        0.000        3.238       15.805
      71.645        0.000        3.238       15.805
      71.746        0.000        3.238       15.805
      71.846        0.000        3.238       15.805
      71.946        0.000        3.238       15.805
      72.047        0.000        3.238       15.805
      72.147        0.000        3.238       15.805
      72.247        0.000        3.238       15.805
      72.348        0.000        3.238       15.805
      72.448        0.000        3.238       15.805
      72.548        0.000        3.238       15.805
      72.649        0.000        3.238       15.805
      72.749        0.000        3.238       15.805
      72.849        0.000        3.238       15.805
      72.950        0.000        3.238       15.805
      73.050        0.000        3.238       15.805
      73.150        0.000        3.238       15.805
      73.251        0.000        3.238       15.805
      73.351        0.000        3.238       15.805
      73.451        0.000        3.238       15.805
      73.552        0.000        3.238       15.805
      73.652        0.000        3.238       15.805
      73.752        0.000        3.238       15.805
      73.853        0.000        3.238       15.805
      73.953        0.000        3.238       15.805
      74.053        0.000        3.238       15.805
      74.154        0.000        3.238       15.805
      74.254        0.000        3.238       15.805
      74.354        0.000        3.238       15.805
      74.455        0.000        3.238       15.805
      74.555        0.000        3.238       15.805
      74.655        0.000        3.238       15.805
      74.756        0.000        3.238       15.805
      74.856        0.000        3.238       15.805
      74.957        0.000        3.238       15.805
      75.057        0.000        3.238       15.805
      75.157        0.000        3.238       15.805
      75.257        0.000        3.238       15.805
      75.358        0.000        3.238       15.805
      75.458        0.000        3.238       15.805
      75.558        0.000        3.238       15.805
      75.659        0.000        3.238       15.805
      75.759        0.000        3.238       15.805
      75.859        0.000        3.238       15.805
      75.960        0.000        3.238       15.805
      76.060        0.000        3.238       15.805
      76.160        0.000        3.238       15.805
      76.261        0.000        3.238       15.805
      76.361        0.000        3.238       15.805
      76.461        0.000        3.238       15.805
      76.562        0.000        3.238       15.805
      76.662        0.000        3.238       15.805
      76.763        0.000        3.238       15.805
      76.863        0.000        3.238       15.805
      76.963        0.000        3.238       15.805
      77.064        0.000        3.238       15.805
      77.164        0.000        3.238       15.805
      77.264        0.000        3.238       15.805
      77.365        0.000        3.238       15.805
      77.465        0.000        3.238       15.805
      77.565        0.000        3.238       15.805
      77.666        0.000        3.238       15.805
      77.766        0.000        3.238       15.805
      77.866        0.000        3.238       15.805
      77.967        0.000        3.238       15.805
      78.067        0.000        3.238       15.805
      78.167        0.000        3.238       15.805
      78.268        0.000        3.238       15.805
      78.368        0.000        3.238       15.805
      78.468        0.000        3.238       15.805
      78.569        0.000        3.238       15.805
      78.669        0.000        3.238       15.805
      78.769        0.000        3.238       15.805
      78.870        0.000        3.238       15.805
      78.970        0.000        3.238       15.805
      79.070        0.000        3.238       15.805
      79.171        0.000        3.238       15.805
      79.271        0.000        3.238       15.805
      79.371        0.000        3.238       15.805
      79.472        0.000        3.238       15.805
      79.572        0.000        3.238       15.805
      79.672        0.000        3.238       15.805
      79.773        0.000        3.238       15.805
      79.873        0.000        3.238       15.805
      79.973        0.000        3.238       15.805
      80.074        0.000        3.238       15.805
      80.174        0.000        3.238       15.805
      80.274        0.000        3.238       15.805
      80.375        0.000        3.238       15.805
      80.475        0.000        3.238       15.805
      80.576        0.000        3.238       15.805
      80.676        0.000        3.238       15.805
      80.776        0.000        3.238       15.805
      80.876        0.000        3.238       15.805
      80.977        0.000        3.238       15.805
      81.077        0.000        3.238       15.805
      81.177        0.000        3.238       15.805
      81.278        0.000        3.238       15.805
      81.378        0.000        3.238       15.805
      81.478        0.000        3.238       15.805
      81.579        0.000        3.238       15.805
      81.679        0.000        3.238       15.805
      81.779        0.000        3.238       15.805
      81.880        0.000        3.238       15.805
      81.980        0.000        3.238       15.805
      82.080        0.000        3.238       15.805
      82.181        0.000        3.238       15.805
      82.281        0.000        3.238       15.805
      82.381        0.000        3.238       15.805
      82.482        0.000        3.238       15.805
      82.582        0.000        3.238       15.805
      82.683        0.000        3.238       15.805
      82.783        0.000        3.238       15.805
      82.883        0.000        3.238       15.805
      82.984        0.000        3.238       15.805
      83.084        0.000        3.238       15.805
      83.185        0.000        3.238       15.805
      83.285        0.000        3.238       15.805
      83.385        0.000        3.238       15.805
      83.486        0.000        3.238       15.805
      83.586        0.000        3.238       15.805
      83.686        0.000        3.238       15.805
      83.787        0.000        3.238       15.805
      83.887        0.000        3.238       15.805
      83.987        0.000        3.238       15.805
      84.088        0.000        3.238       15.805
      84.188        0.000        3.238       15.805
      84.288        0.000        3.238       15.805
      84.389        0.000        3.238       15.805
      84.489        0.000        3.238       15.805
      84.589        0.000        3.238       15.805
      84.690        0.000        3.238       15.805
      84.790        0.000        3.238       15.805
      84.890        0.000        3.238       15.805
      84.991        0.000        3.238       15.805
      85.091        0.000        3.238       15.805
      85.192        0.000        3.238       15.805
      85.292        0.000        3.238       15.805
      85.392        0.000        3.238       15.805
      85.492        0.000        3.238       15.805
      85.593        0.000        3.238       15.805
      85.693        0.000        3.238       15.805
      85.793        0.000        3.238       15.805
      85.894        0.000        3.238       15.805
      85.994        0.000        3.238       15.805
      86.094        0.000        3.238       15.805
      86.196        0.000        3.238       15.805
      86.296        0.000        3.238       15.805
      86.397        0.000        3.238       15.805
      86.497        0.000        3.238       15.805
      86.597        0.000        3.238       15.805
      86.698        0.000        3.238       15.805
      86.798        0.000        3.238       15.805
      86.898        0.000        3.238       15.805
      86.999        0.000        3.238       15.805
      87.099        0.000        3.238       15.805
      87.199        0.000        3.238       15.805
      87.300        0.000        3.238       15.805
      87.400        0.000        3.238       15.805
      87.501        0.000        3.238       15.805
      87.601        0.000        3.238       15.805
      87.701        0.000        3.238       15.805
      87.802        0.000        3.238       15.805
      87.902        0.000        3.238       15.805
      88.002        0.000        3.238       15.805
      88.103        0.000        3.238       15.805
      88.203        0.000        3.238       15.805
      88.303        0.000        3.238       15.805
      88.404        0.000        3.238       15.805
      88.504        0.000        3.238       15.805
      88.604        0.000        3.238       15.805
      88.705        0.000        3.238       15.805
      88.805        0.000        3.238       15.805
      88.905        0.000        3.238       15.805
      89.006        0.000        3.238       15.805
      89.106        0.000        3.238       15.805
      89.206        0.000        3.238       15.805
      89.307        0.000        3.238       15.805
      89.407        0.000        3.238       15.805
      89.508        0.000        3.238       15.805
      89.608        0.000        3.238       15.805
      89.708        0.000        3.238       15.805
      89.809        0.000        3.238       15.805
      89.909        0.000        3.238       15.805
      90.009        0.000        3.238       15.805
      90.110        0.000        3.238       15.805
      90.210        0.000        3.238       15.805
      90.310        0.000        3.238       15.805
      90.411        0.000        3.238       15.805
      90.511        0.000        3.238       15.805
      90.611        0.000        3.238       15.805
      90.712        0.000        3.238       15.805
      90.812        0.000        3.238       15.805
      90.912        0.000        3.238       15.805
      91.013        0.000        3.238       15.805
      91.113        0.000        3.238       15.805
      91.213        0.000        3.238       15.805
      91.314        0.000        3.238       15.805
      91.414        0.000        3.238       15.805
      91.514        0.000        3.238       15.805
      91.615        0.000        3.238       15.805
      91.715        0.000        3.238       15.805
      91.815        0.000        3.238       15.805
      91.916        0.000        3.238       15.805
      92.016        0.000        3.238       15.805
      92.116        0.000        3.238       15.805
      92.217        0.000        3.238       15.805
      92.317        0.000        3.238       15.805
      92.417        0.000        3.238       15.805
      92.518        0.000        3.238       15.805
      92.618        0.000        3.238       15.805
      92.718        0.000        3.238       15.805
      92.819        0.000        3.238       15.805
      92.919        0.000        3.238       15.805
      93.019        0.000        3.238       15.805
      93.120        0.000        3.238       15.805
      93.220        0.000        3.238       15.805
      93.320        0.000        3.238       15.805
      93.421        0.000        3.238       15.805
      93.521        0.000        3.238       15.805
      93.621        0.000        3.238       15.805
      93.722        0.000        3.238       15.805
      93.822        0.000        3.238       15.805
      93.922        0.000        3.238       15.805
      94.023        0.000        3.238       15.805
      94.123        0.000        3.238       15.805
      94.223        0.000        3.238       15.805
      94.324        0.000        3.238       15.805
      94.424        0.000        3.238       15.805
      94.524        0.000        3.238       15.805
      94.625        0.000        3.238       15.805
      94.725        0.000        3.238       15.805
      94.825        0.000        3.238       15.805
      94.926        0.000        3.238       15.805
      95.026        0.000        3.238       15.805
      95.126        0.000        3.238       15.805
      95.227        0.000        3.238       15.805
      95.327        0.000        3.238       15.805
      95.427        0.000        3.238       15.805
      95.528        0.000        3.238       15.805
      95.628        0.000        3.238       15.805
      95.728        0.000        3.238       15.805
      95.829        0.000        3.238       15.805
      95.929        0.000        3.238       15.805
      96.029        0.000        3.238       15.805
      96.130        0.000        3.238       15.805
      96.230        0.000        3.238       15.805
      96.330        0.000        3.238       15.805
      96.431        0.000        3.238       15.805
      96.531        0.000        3.238       15.805
      96.631        0.000        3.238       15.805
      96.732        0.000        3.238       15.805
      96.832        0.000        3.238       15.805
      96.932        0.000        3.238       15.805
      97.033        0.000        3.238       15.805
      97.133        0.000        3.238       15.805
      97.233        0.000        3.238       15.805
      97.334        0.000        3.238       15.805
      97.434        0.000        3.238       15.805
      97.534        0.000        3.238       15.805
      97.635        0.000        3.238       15.805
      97.735        0.000        3.238       15.805
      97.835        0.000        3.238       15.805
      97.936        0.000        3.238       15.805
      98.036        0.000        3.238       15.805
      98.136        0.000        3.238       15.805
      98.237        0.000        3.238       15.805
      98.337        0.000        3.238       15.805
      98.437        0.000        3.238       15.805
      98.538        0.000        3.238       15.805
      98.638        0.000        3.238       15.805
      98.738        0.000        3.238       15.805
      98.839        0.000        3.238       15.805
      98.939        0.000        3.238       15.805
      99.039        0.000        3.238       15.805
      99.140        0.000        3.238       15.805
      99.240        0.000        3.238       15.805
      99.340        0.000        3.238       15.805
      99.441        0.000        3.238       15.805
      99.541        0.000        3.238       15.805
      99.641        0.000        3.238       15.805
      99.742        0.000        3.238       15.805
      99.842        0.000        3.238       15.805
      99.942        0.000        3.238       15.805
