# Elapsed time   CPU (%)     Real (MB)   Virtual (MB)
       0.000        0.000        3.117       15.805
       0.100        0.000        3.117       15.805
       0.201        0.000        3.117       15.805
       0.301        0.000        3.117       15.805
       0.402        0.000        3.117       15.805
       0.502        0.000        3.117       15.805
       0.602        0.000        3.117       15.805
       0.703        0.000        3.117       15.805
       0.803        0.000        3.117       15.805
       0.903        0.000        3.117       15.805
       1.004        0.000        3.117       15.805
       1.104        0.000        3.117       15.805
       1.205        0.000        3.117       15.805
       1.305        0.000        3.117       15.805
       1.406        0.000        3.117       15.805
       1.507        0.000        3.117       15.805
       1.607        0.000        3.117       15.805
       1.707        0.000        3.117       15.805
       1.808        0.000        3.117       15.805
       1.908        0.000        3.117       15.805
       2.009        0.000        3.117       15.805
       2.109        0.000        3.117       15.805
       2.210        0.000        3.117       15.805
       2.310        0.000        3.117       15.805
       2.411        0.000        3.117       15.805
       2.511        0.000        3.117       15.805
       2.612        0.000        3.117       15.805
       2.712        0.000        3.117       15.805
       2.812        0.000        3.117       15.805
       2.913        0.000        3.117       15.805
       3.013        0.000        3.117       15.805
       3.114        0.000        3.117       15.805
       3.214        0.000        3.117       15.805
       3.314        0.000        3.117       15.805
       3.415        0.000        3.117       15.805
       3.515        0.000        3.117       15.805
       3.616        0.000        3.117       15.805
       3.716        0.000        3.117       15.805
       3.816        0.000        3.117       15.805
       3.917        0.000        3.117       15.805
       4.017        0.000        3.117       15.805
       4.117        0.000        3.117       15.805
       4.218        0.000        3.117       15.805
       4.318        0.000        3.117       15.805
       4.418        0.000        3.117       15.805
       4.519        0.000        3.117       15.805
       4.619        0.000        3.117       15.805
       4.720        0.000        3.117       15.805
       4.820        0.000        3.117       15.805
       4.920        0.000        3.117       15.805
       5.021        0.000        3.117       15.805
       5.121        0.000        3.117       15.805
       5.222        0.000        3.117       15.805
       5.322        0.000        3.117       15.805
       5.422        0.000        3.117       15.805
       5.523        0.000        3.117       15.805
       5.623        0.000        3.117       15.805
       5.723        0.000        3.117       15.805
       5.824        0.000        3.117       15.805
       5.924        0.000        3.117       15.805
       6.024        0.000        3.117       15.805
       6.125        0.000        3.117       15.805
       6.225        0.000        3.117       15.805
       6.325        0.000        3.117       15.805
       6.426        0.000        3.117       15.805
       6.526        0.000        3.117       15.805
       6.627        0.000        3.117       15.805
       6.727        0.000        3.117       15.805
       6.828        0.000        3.117       15.805
       6.928        0.000        3.117       15.805
       7.028        0.000        3.117       15.805
       7.129        0.000        3.117       15.805
       7.229        0.000        3.117       15.805
       7.329        0.000        3.117       15.805
       7.430        0.000        3.117       15.805
       7.530        0.000        3.117       15.805
       7.630        0.000        3.117       15.805
       7.731        0.000        3.117       15.805
       7.831        0.000        3.117       15.805
       7.931        0.000        3.117       15.805
       8.032        0.000        3.117       15.805
       8.132        0.000        3.117       15.805
       8.232        0.000        3.117       15.805
       8.333        0.000        3.117       15.805
       8.433        0.000        3.117       15.805
       8.533        0.000        3.117       15.805
       8.634        0.000        3.117       15.805
       8.734        0.000        3.117       15.805
       8.834        0.000        3.117       15.805
       8.935        0.000        3.117       15.805
       9.035        0.000        3.117       15.805
       9.135        0.000        3.117       15.805
       9.236        0.000        3.117       15.805
       9.336        0.000        3.117       15.805
       9.436        0.000        3.117       15.805
       9.537        0.000        3.117       15.805
       9.637        0.000        3.117       15.805
       9.737        0.000        3.117       15.805
       9.838        0.000        3.117       15.805
       9.938        0.000        3.117       15.805
      10.038        0.000        3.117       15.805
      10.139        0.000        3.117       15.805
      10.239        0.000        3.117       15.805
      10.339        0.000        3.117       15.805
      10.440        0.000        3.117       15.805
      10.540        0.000        3.117       15.805
      10.640        0.000        3.117       15.805
      10.741        0.000        3.117       15.805
      10.841        0.000        3.117       15.805
      10.942        0.000        3.117       15.805
      11.042        0.000        3.117       15.805
      11.142        0.000        3.117       15.805
      11.243        0.000        3.117       15.805
      11.343        0.000        3.117       15.805
      11.443        0.000        3.117       15.805
      11.544        0.000        3.117       15.805
      11.644        0.000        3.117       15.805
      11.744        0.000        3.117       15.805
      11.845        0.000        3.117       15.805
      11.945        0.000        3.117       15.805
      12.045        0.000        3.117       15.805
      12.146        0.000        3.117       15.805
      12.246        0.000        3.117       15.805
      12.346        0.000        3.117       15.805
      12.447        0.000        3.117       15.805
      12.547        0.000        3.117       15.805
      12.647        0.000        3.117       15.805
      12.748        0.000        3.117       15.805
      12.848        0.000        3.117       15.805
      12.948        0.000        3.117       15.805
      13.049        0.000        3.117       15.805
      13.149        0.000        3.117       15.805
      13.249        0.000        3.117       15.805
      13.350        0.000        3.117       15.805
      13.450        0.000        3.117       15.805
      13.550        0.000        3.117       15.805
      13.651        0.000        3.117       15.805
      13.751        0.000        3.117       15.805
      13.852        0.000        3.117       15.805
      13.952        0.000        3.117       15.805
      14.052        0.000        3.117       15.805
      14.153        0.000        3.117       15.805
      14.253        0.000        3.117       15.805
      14.353        0.000        3.117       15.805
      14.454        0.000        3.117       15.805
      14.554        0.000        3.117       15.805
      14.654        0.000        3.117       15.805
      14.755        0.000        3.117       15.805
      14.855        0.000        3.117       15.805
      14.956        0.000        3.117       15.805
      15.056        0.000        3.117       15.805
      15.156        0.000        3.117       15.805
      15.257        0.000        3.117       15.805
      15.357        0.000        3.117       15.805
      15.457        0.000        3.117       15.805
      15.558        0.000        3.117       15.805
      15.658        0.000        3.117       15.805
      15.758        0.000        3.117       15.805
      15.859        0.000        3.117       15.805
      15.959        0.000        3.117       15.805
      16.059        0.000        3.117       15.805
      16.160        0.000        3.117       15.805
      16.260        0.000        3.117       15.805
      16.361        0.000        3.117       15.805
      16.461        0.000        3.117       15.805
      16.561        0.000        3.117       15.805
      16.662        0.000        3.117       15.805
      16.762        0.000        3.117       15.805
      16.862        0.000        3.117       15.805
      16.963        0.000        3.117       15.805
      17.063        0.000        3.117       15.805
      17.163        0.000        3.117       15.805
      17.264        0.000        3.117       15.805
      17.364        0.000        3.117       15.805
      17.465        0.000        3.117       15.805
      17.565        0.000        3.117       15.805
      17.665        0.000        3.117       15.805
      17.766        0.000        3.117       15.805
      17.866        0.000        3.117       15.805
      17.966        0.000        3.117       15.805
      18.067        0.000        3.117       15.805
      18.167        0.000        3.117       15.805
      18.267        0.000        3.117       15.805
      18.368        0.000        3.117       15.805
      18.468        0.000        3.117       15.805
      18.568        0.000        3.117       15.805
      18.669        0.000        3.117       15.805
      18.769        0.000        3.117       15.805
      18.870        0.000        3.117       15.805
      18.970        0.000        3.117       15.805
      19.070        0.000        3.117       15.805
      19.171        0.000        3.117       15.805
      19.271        0.000        3.117       15.805
      19.371        0.000        3.117       15.805
      19.472        0.000        3.117       15.805
      19.572        0.000        3.117       15.805
      19.672        0.000        3.117       15.805
      19.772        0.000        3.117       15.805
      19.873        0.000        3.117       15.805
      19.973        0.000        3.117       15.805
      20.074        0.000        3.117       15.805
      20.174        0.000        3.117       15.805
      20.274        0.000        3.117       15.805
      20.375        0.000        3.117       15.805
      20.475        0.000        3.117       15.805
      20.575        0.000        3.117       15.805
      20.676        0.000        3.117       15.805
      20.776        0.000        3.117       15.805
      20.876        0.000        3.117       15.805
      20.977        0.000        3.117       15.805
      21.077        0.000        3.117       15.805
      21.177        0.000        3.117       15.805
      21.278        0.000        3.117       15.805
      21.378        0.000        3.117       15.805
      21.478        0.000        3.117       15.805
      21.579        0.000        3.117       15.805
      21.679        0.000        3.117       15.805
      21.779        0.000        3.117       15.805
      21.880        0.000        3.117       15.805
      21.980        0.000        3.117       15.805
      22.081        0.000        3.117       15.805
      22.181        0.000        3.117       15.805
      22.281        0.000        3.117       15.805
      22.382        0.000        3.117       15.805
      22.482        0.000        3.117       15.805
      22.582        0.000        3.117       15.805
      22.683        0.000        3.117       15.805
      22.783        0.000        3.117       15.805
      22.883        0.000        3.117       15.805
      22.984        0.000        3.117       15.805
      23.084        0.000        3.117       15.805
      23.184        0.000        3.117       15.805
      23.285        0.000        3.117       15.805
      23.385        0.000        3.117       15.805
      23.485        0.000        3.117       15.805
      23.586        0.000        3.117       15.805
      23.686        0.000        3.117       15.805
      23.786        0.000        3.117       15.805
      23.887        0.000        3.117       15.805
      23.987        0.000        3.117       15.805
      24.087        0.000        3.117       15.805
      24.188        0.000        3.117       15.805
      24.288        0.000        3.117       15.805
      24.388        0.000        3.117       15.805
      24.489        0.000        3.117       15.805
      24.589        0.000        3.117       15.805
      24.689        0.000        3.117       15.805
      24.790        0.000        3.117       15.805
      24.890        0.000        3.117       15.805
      24.991        0.000        3.117       15.805
      25.091        0.000        3.117       15.805
      25.191        0.000        3.117       15.805
      25.292        0.000        3.117       15.805
      25.392        0.000        3.117       15.805
      25.492        0.000        3.117       15.805
      25.593        0.000        3.117       15.805
      25.693        0.000        3.117       15.805
      25.793        0.000        3.117       15.805
      25.894        0.000        3.117       15.805
      25.994        0.000        3.117       15.805
      26.094        0.000        3.117       15.805
      26.195        0.000        3.117       15.805
      26.295        0.000        3.117       15.805
      26.395        0.000        3.117       15.805
      26.496        0.000        3.117       15.805
      26.596        0.000        3.117       15.805
      26.696        0.000        3.117       15.805
      26.797        0.000        3.117       15.805
      26.897        0.000        3.117       15.805
      26.997        0.000        3.117       15.805
      27.098        0.000        3.117       15.805
      27.198        0.000        3.117       15.805
      27.298        0.000        3.117       15.805
      27.399        0.000        3.117       15.805
      27.499        0.000        3.117       15.805
      27.599        0.000        3.117       15.805
      27.700        0.000        3.117       15.805
      27.800        0.000        3.117       15.805
      27.900        0.000        3.117       15.805
      28.001        0.000        3.117       15.805
      28.101        0.000        3.117       15.805
      28.201        0.000        3.117       15.805
      28.302        0.000        3.117       15.805
      28.402        0.000        3.117       15.805
      28.502        0.000        3.117       15.805
      28.603        0.000        3.117       15.805
      28.703        0.000        3.117       15.805
      28.803        0.000        3.117       15.805
      28.904        0.000        3.117       15.805
      29.004        0.000        3.117       15.805
      29.104        0.000        3.117       15.805
      29.205        0.000        3.117       15.805
      29.305        0.000        3.117       15.805
      29.405        0.000        3.117       15.805
      29.506        0.000        3.117       15.805
      29.606        0.000        3.117       15.805
      29.706        0.000        3.117       15.805
      29.807        0.000        3.117       15.805
      29.907        0.000        3.117       15.805
      30.008        0.000        3.117       15.805
      30.108        0.000        3.117       15.805
      30.208        0.000        3.117       15.805
      30.308        0.000        3.117       15.805
      30.409        0.000        3.117       15.805
      30.509        0.000        3.117       15.805
      30.610        0.000        3.117       15.805
      30.710        0.000        3.117       15.805
      30.810        0.000        3.117       15.805
      30.911        0.000        3.117       15.805
      31.011        0.000        3.117       15.805
      31.111        0.000        3.117       15.805
      31.212        0.000        3.117       15.805
      31.312        0.000        3.117       15.805
      31.412        0.000        3.117       15.805
      31.513        0.000        3.117       15.805
      31.613        0.000        3.117       15.805
      31.714        0.000        3.117       15.805
      31.814        0.000        3.117       15.805
      31.914        0.000        3.117       15.805
      32.015        0.000        3.117       15.805
      32.115        0.000        3.117       15.805
      32.215        0.000        3.117       15.805
      32.316        0.000        3.117       15.805
      32.416        0.000        3.117       15.805
      32.517        0.000        3.117       15.805
      32.617        0.000        3.117       15.805
      32.717        0.000        3.117       15.805
      32.818        0.000        3.117       15.805
      32.918        0.000        3.117       15.805
      33.018        0.000        3.117       15.805
      33.119        0.000        3.117       15.805
      33.219        0.000        3.117       15.805
      33.319        0.000        3.117       15.805
      33.420        0.000        3.117       15.805
      33.520        0.000        3.117       15.805
      33.620        0.000        3.117       15.805
      33.721        0.000        3.117       15.805
      33.821        0.000        3.117       15.805
      33.922        0.000        3.117       15.805
      34.022        0.000        3.117       15.805
      34.122        0.000        3.117       15.805
      34.223        0.000        3.117       15.805
      34.323        0.000        3.117       15.805
      34.423        0.000        3.117       15.805
      34.524        0.000        3.117       15.805
      34.624        0.000        3.117       15.805
      34.724        0.000        3.117       15.805
      34.825        0.000        3.117       15.805
      34.925        0.000        3.117       15.805
      35.025        0.000        3.117       15.805
      35.126        0.000        3.117       15.805
      35.226        0.000        3.117       15.805
      35.326        0.000        3.117       15.805
      35.427        0.000        3.117       15.805
      35.527        0.000        3.117       15.805
      35.627        0.000        3.117       15.805
      35.728        0.000        3.117       15.805
      35.828        0.000        3.117       15.805
      35.928        0.000        3.117       15.805
      36.029        0.000        3.117       15.805
      36.129        0.000        3.117       15.805
      36.229        0.000        3.117       15.805
      36.330        0.000        3.117       15.805
      36.430        0.000        3.117       15.805
      36.530        0.000        3.117       15.805
      36.631        0.000        3.117       15.805
      36.731        0.000        3.117       15.805
      36.832        0.000        3.117       15.805
      36.932        0.000        3.117       15.805
      37.032        0.000        3.117       15.805
      37.133        0.000        3.117       15.805
      37.233        0.000        3.117       15.805
      37.334        0.000        3.117       15.805
      37.434        0.000        3.117       15.805
      37.535        0.000        3.117       15.805
      37.635        0.000        3.117       15.805
      37.735        0.000        3.117       15.805
      37.836        0.000        3.117       15.805
      37.936        0.000        3.117       15.805
      38.037        0.000        3.117       15.805
      38.137        0.000        3.117       15.805
      38.237        0.000        3.117       15.805
      38.338        0.000        3.117       15.805
      38.438        0.000        3.117       15.805
      38.538        0.000        3.117       15.805
      38.639        0.000        3.117       15.805
      38.739        0.000        3.117       15.805
      38.839        0.000        3.117       15.805
      38.940        0.000        3.117       15.805
      39.040        0.000        3.117       15.805
      39.140        0.000        3.117       15.805
      39.241        0.000        3.117       15.805
      39.341        0.000        3.117       15.805
      39.441        0.000        3.117       15.805
      39.541        0.000        3.117       15.805
      39.642        0.000        3.117       15.805
      39.742        0.000        3.117       15.805
      39.842        0.000        3.117       15.805
      39.943        0.000        3.117       15.805
      40.043        0.000        3.117       15.805
      40.143        0.000        3.117       15.805
      40.244        0.000        3.117       15.805
      40.344        0.000        3.117       15.805
      40.444        0.000        3.117       15.805
      40.545        0.000        3.117       15.805
      40.645        0.000        3.117       15.805
      40.745        0.000        3.117       15.805
      40.846        0.000        3.117       15.805
      40.946        0.000        3.117       15.805
      41.046        0.000        3.117       15.805
      41.147        0.000        3.117       15.805
      41.247        0.000        3.117       15.805
      41.347        0.000        3.117       15.805
      41.448        0.000        3.117       15.805
      41.548        0.000        3.117       15.805
      41.648        0.000        3.117       15.805
      41.749        0.000        3.117       15.805
      41.849        0.000        3.117       15.805
      41.949        0.000        3.117       15.805
      42.050        0.000        3.117       15.805
      42.150        0.000        3.117       15.805
      42.250        0.000        3.117       15.805
      42.351        0.000        3.117       15.805
      42.451        0.000        3.117       15.805
      42.551        0.000        3.117       15.805
      42.652        0.000        3.117       15.805
      42.752        0.000        3.117       15.805
      42.852        0.000        3.117       15.805
      42.953        0.000        3.117       15.805
      43.053        0.000        3.117       15.805
      43.153        0.000        3.117       15.805
      43.254        0.000        3.117       15.805
      43.354        0.000        3.117       15.805
      43.454        0.000        3.117       15.805
      43.555        0.000        3.117       15.805
      43.655        0.000        3.117       15.805
      43.755        0.000        3.117       15.805
      43.856        0.000        3.117       15.805
      43.956        0.000        3.117       15.805
      44.056        0.000        3.117       15.805
      44.157        0.000        3.117       15.805
      44.257        0.000        3.117       15.805
      44.357        0.000        3.117       15.805
      44.458        0.000        3.117       15.805
      44.558        0.000        3.117       15.805
      44.658        0.000        3.117       15.805
      44.759        0.000        3.117       15.805
      44.859        0.000        3.117       15.805
      44.959        0.000        3.117       15.805
      45.060        0.000        3.117       15.805
      45.160        0.000        3.117       15.805
      45.260        0.000        3.117       15.805
      45.361        0.000        3.117       15.805
      45.461        0.000        3.117       15.805
      45.561        0.000        3.117       15.805
      45.662        0.000        3.117       15.805
      45.762        0.000        3.117       15.805
      45.862        0.000        3.117       15.805
      45.963        0.000        3.117       15.805
      46.063        0.000        3.117       15.805
      46.163        0.000        3.117       15.805
      46.264        0.000        3.117       15.805
      46.364        0.000        3.117       15.805
      46.464        0.000        3.117       15.805
      46.565        0.000        3.117       15.805
      46.665        0.000        3.117       15.805
      46.766        0.000        3.117       15.805
      46.866        0.000        3.117       15.805
      46.966        0.000        3.117       15.805
      47.067        0.000        3.117       15.805
      47.167        0.000        3.117       15.805
      47.267        0.000        3.117       15.805
      47.368        0.000        3.117       15.805
      47.468        0.000        3.117       15.805
      47.568        0.000        3.117       15.805
      47.669        0.000        3.117       15.805
      47.769        0.000        3.117       15.805
      47.870        0.000        3.117       15.805
      47.970        0.000        3.117       15.805
      48.070        0.000        3.117       15.805
      48.171        0.000        3.117       15.805
      48.271        0.000        3.117       15.805
      48.371        0.000        3.117       15.805
      48.472        0.000        3.117       15.805
      48.572        0.000        3.117       15.805
      48.673        0.000        3.117       15.805
      48.773        0.000        3.117       15.805
      48.873        0.000        3.117       15.805
      48.973        0.000        3.117       15.805
      49.074        0.000        3.117       15.805
      49.174        0.000        3.117       15.805
      49.275        0.000        3.117       15.805
      49.375        0.000        3.117       15.805
      49.475        0.000        3.117       15.805
      49.576        0.000        3.117       15.805
      49.676        0.000        3.117       15.805
      49.776        0.000        3.117       15.805
      49.877        0.000        3.117       15.805
      49.977        0.000        3.117       15.805
      50.078        0.000        3.117       15.805
      50.178        0.000        3.117       15.805
      50.279        0.000        3.117       15.805
      50.379        0.000        3.117       15.805
      50.479        0.000        3.117       15.805
      50.580        0.000        3.117       15.805
      50.680        0.000        3.117       15.805
      50.780        0.000        3.117       15.805
      50.881        0.000        3.117       15.805
      50.981        0.000        3.117       15.805
      51.082        0.000        3.117       15.805
      51.182        0.000        3.117       15.805
      51.282        0.000        3.117       15.805
      51.383        0.000        3.117       15.805
      51.483        0.000        3.117       15.805
      51.583        0.000        3.117       15.805
      51.684        0.000        3.117       15.805
      51.784        0.000        3.117       15.805
      51.884        0.000        3.117       15.805
      51.985        0.000        3.117       15.805
      52.085        0.000        3.117       15.805
      52.186        0.000        3.117       15.805
      52.286        0.000        3.117       15.805
      52.386        0.000        3.117       15.805
      52.487        0.000        3.117       15.805
      52.587        0.000        3.117       15.805
      52.688        0.000        3.117       15.805
      52.788        0.000        3.117       15.805
      52.888        0.000        3.117       15.805
      52.989        0.000        3.117       15.805
      53.089        0.000        3.117       15.805
      53.189        0.000        3.117       15.805
      53.290        0.000        3.117       15.805
      53.390        0.000        3.117       15.805
      53.490        0.000        3.117       15.805
      53.591        0.000        3.117       15.805
      53.691        0.000        3.117       15.805
      53.792        0.000        3.117       15.805
      53.892        0.000        3.117       15.805
      53.992        0.000        3.117       15.805
      54.093        0.000        3.117       15.805
      54.193        0.000        3.117       15.805
      54.293        0.000        3.117       15.805
      54.394        0.000        3.117       15.805
      54.494        0.000        3.117       15.805
      54.595        0.000        3.117       15.805
      54.695        0.000        3.117       15.805
      54.795        0.000        3.117       15.805
      54.896        0.000        3.117       15.805
      54.996        0.000        3.117       15.805
      55.096        0.000        3.117       15.805
      55.197        0.000        3.117       15.805
      55.297        0.000        3.117       15.805
      55.397        0.000        3.117       15.805
      55.498        0.000        3.117       15.805
      55.598        0.000        3.117       15.805
      55.699        0.000        3.117       15.805
      55.799        0.000        3.117       15.805
      55.899        0.000        3.117       15.805
      56.000        0.000        3.117       15.805
      56.100        0.000        3.117       15.805
      56.201        0.000        3.117       15.805
      56.301        0.000        3.117       15.805
      56.401        0.000        3.117       15.805
      56.502        0.000        3.117       15.805
      56.602        0.000        3.117       15.805
      56.702        0.000        3.117       15.805
      56.803        0.000        3.117       15.805
      56.903        0.000        3.117       15.805
      57.004        0.000        3.117       15.805
      57.104        0.000        3.117       15.805
      57.204        0.000        3.117       15.805
      57.305        0.000        3.117       15.805
      57.405        0.000        3.117       15.805
      57.505        0.000        3.117       15.805
      57.606        0.000        3.117       15.805
      57.706        0.000        3.117       15.805
      57.806        0.000        3.117       15.805
      57.907        0.000        3.117       15.805
      58.007        0.000        3.117       15.805
      58.107        0.000        3.117       15.805
      58.208        0.000        3.117       15.805
      58.308        0.000        3.117       15.805
      58.408        0.000        3.117       15.805
      58.509        0.000        3.117       15.805
      58.609        0.000        3.117       15.805
      58.709        0.000        3.117       15.805
      58.810        0.000        3.117       15.805
      58.910        0.000        3.117       15.805
      59.010        0.000        3.117       15.805
      59.111        0.000        3.117       15.805
      59.211        0.000        3.117       15.805
      59.311        0.000        3.117       15.805
      59.412        0.000        3.117       15.805
      59.512        0.000        3.117       15.805
      59.612        0.000        3.117       15.805
      59.713        0.000        3.117       15.805
      59.813        0.000        3.117       15.805
      59.913        0.000        3.117       15.805
      60.014        0.000        3.117       15.805
      60.114        0.000        3.117       15.805
      60.214        0.000        3.117       15.805
      60.315        0.000        3.117       15.805
      60.415        0.000        3.117       15.805
      60.516        0.000        3.117       15.805
      60.616        0.000        3.117       15.805
      60.716        0.000        3.117       15.805
      60.817        0.000        3.117       15.805
      60.917        0.000        3.117       15.805
      61.017        0.000        3.117       15.805
      61.118        0.000        3.117       15.805
      61.218        0.000        3.117       15.805
      61.318        0.000        3.117       15.805
      61.419        0.000        3.117       15.805
      61.519        0.000        3.117       15.805
      61.619        0.000        3.117       15.805
      61.720        0.000        3.117       15.805
      61.820        0.000        3.117       15.805
      61.920        0.000        3.117       15.805
      62.021        0.000        3.117       15.805
      62.121        0.000        3.117       15.805
      62.221        0.000        3.117       15.805
      62.322        0.000        3.117       15.805
      62.422        0.000        3.117       15.805
      62.523        0.000        3.117       15.805
      62.623        0.000        3.117       15.805
      62.723        0.000        3.117       15.805
      62.824        0.000        3.117       15.805
      62.924        0.000        3.117       15.805
      63.024        0.000        3.117       15.805
      63.125        0.000        3.117       15.805
      63.225        0.000        3.117       15.805
      63.325        0.000        3.117       15.805
      63.425        0.000        3.117       15.805
      63.526        0.000        3.117       15.805
      63.626        0.000        3.117       15.805
      63.726        0.000        3.117       15.805
      63.827        0.000        3.117       15.805
      63.927        0.000        3.117       15.805
      64.027        0.000        3.117       15.805
      64.128        0.000        3.117       15.805
      64.228        0.000        3.117       15.805
      64.328        0.000        3.117       15.805
      64.429        0.000        3.117       15.805
      64.529        0.000        3.117       15.805
      64.629        0.000        3.117       15.805
      64.730        0.000        3.117       15.805
      64.830        0.000        3.117       15.805
      64.930        0.000        3.117       15.805
      65.031        0.000        3.117       15.805
      65.131        0.000        3.117       15.805
      65.231        0.000        3.117       15.805
      65.332        0.000        3.117       15.805
      65.432        0.000        3.117       15.805
      65.533        0.000        3.117       15.805
      65.633        0.000        3.117       15.805
      65.733        0.000        3.117       15.805
      65.834        0.000        3.117       15.805
      65.934        0.000        3.117       15.805
      66.034        0.000        3.117       15.805
      66.135        0.000        3.117       15.805
      66.235        0.000        3.117       15.805
      66.335        0.000        3.117       15.805
      66.436        0.000        3.117       15.805
      66.536        0.000        3.117       15.805
      66.636        0.000        3.117       15.805
      66.737        0.000        3.117       15.805
      66.837        0.000        3.117       15.805
      66.937        0.000        3.117       15.805
      67.038        0.000        3.117       15.805
      67.138        0.000        3.117       15.805
      67.238        0.000        3.117       15.805
      67.339        0.000        3.117       15.805
      67.439        0.000        3.117       15.805
      67.539        0.000        3.117       15.805
      67.640        0.000        3.117       15.805
      67.740        0.000        3.117       15.805
      67.840        0.000        3.117       15.805
      67.941        0.000        3.117       15.805
      68.041        0.000        3.117       15.805
      68.141        0.000        3.117       15.805
      68.242        0.000        3.117       15.805
      68.342        0.000        3.117       15.805
      68.443        0.000        3.117       15.805
      68.543        0.000        3.117       15.805
      68.643        0.000        3.117       15.805
      68.744        0.000        3.117       15.805
      68.844        0.000        3.117       15.805
      68.944        0.000        3.117       15.805
      69.045        0.000        3.117       15.805
      69.145        0.000        3.117       15.805
      69.246        0.000        3.117       15.805
      69.346        0.000        3.117       15.805
      69.446        0.000        3.117       15.805
      69.546        0.000        3.117       15.805
      69.647        0.000        3.117       15.805
      69.747        0.000        3.117       15.805
      69.847        0.000        3.117       15.805
      69.948        0.000        3.117       15.805
      70.048        0.000        3.117       15.805
      70.148        0.000        3.117       15.805
      70.249        0.000        3.117       15.805
      70.349        0.000        3.117       15.805
      70.449        0.000        3.117       15.805
      70.550        0.000        3.117       15.805
      70.650        0.000        3.117       15.805
      70.750        0.000        3.117       15.805
      70.850        0.000        3.117       15.805
      70.951        0.000        3.117       15.805
      71.051        0.000        3.117       15.805
      71.151        0.000        3.117       15.805
      71.252        0.000        3.117       15.805
      71.352        0.000        3.117       15.805
      71.453        0.000        3.117       15.805
      71.553        0.000        3.117       15.805
      71.653        0.000        3.117       15.805
      71.753        0.000        3.117       15.805
      71.854        0.000        3.117       15.805
      71.954        0.000        3.117       15.805
      72.054        0.000        3.117       15.805
      72.155        0.000        3.117       15.805
      72.255        0.000        3.117       15.805
      72.355        0.000        3.117       15.805
      72.456        0.000        3.117       15.805
      72.556        0.000        3.117       15.805
      72.656        0.000        3.117       15.805
      72.757        0.000        3.117       15.805
      72.857        0.000        3.117       15.805
      72.958        0.000        3.117       15.805
      73.058        0.000        3.117       15.805
      73.158        0.000        3.117       15.805
      73.259        0.000        3.117       15.805
      73.359        0.000        3.117       15.805
      73.459        0.000        3.117       15.805
      73.560        0.000        3.117       15.805
      73.660        0.000        3.117       15.805
      73.760        0.000        3.117       15.805
      73.861        0.000        3.117       15.805
      73.961        0.000        3.117       15.805
      74.062        0.000        3.117       15.805
      74.162        0.000        3.117       15.805
      74.262        0.000        3.117       15.805
      74.363        0.000        3.117       15.805
      74.463        0.000        3.117       15.805
      74.563        0.000        3.117       15.805
      74.664        0.000        3.117       15.805
      74.764        0.000        3.117       15.805
      74.865        0.000        3.117       15.805
      74.965        0.000        3.117       15.805
      75.065        0.000        3.117       15.805
      75.166        0.000        3.117       15.805
      75.266        0.000        3.117       15.805
      75.366        0.000        3.117       15.805
      75.467        0.000        3.117       15.805
      75.567        0.000        3.117       15.805
      75.667        0.000        3.117       15.805
      75.768        0.000        3.117       15.805
      75.868        0.000        3.117       15.805
      75.968        0.000        3.117       15.805
      76.069        0.000        3.117       15.805
      76.169        0.000        3.117       15.805
      76.269        0.000        3.117       15.805
      76.370        0.000        3.117       15.805
      76.470        0.000        3.117       15.805
      76.570        0.000        3.117       15.805
      76.671        0.000        3.117       15.805
      76.771        0.000        3.117       15.805
      76.872        0.000        3.117       15.805
      76.972        0.000        3.117       15.805
      77.072        0.000        3.117       15.805
      77.173        0.000        3.117       15.805
      77.273        0.000        3.117       15.805
      77.374        0.000        3.117       15.805
      77.474        0.000        3.117       15.805
      77.574        0.000        3.117       15.805
      77.675        0.000        3.117       15.805
      77.775        0.000        3.117       15.805
      77.875        0.000        3.117       15.805
      77.976        0.000        3.117       15.805
      78.076        0.000        3.117       15.805
      78.176        0.000        3.117       15.805
      78.277        0.000        3.117       15.805
      78.377        0.000        3.117       15.805
      78.477        0.000        3.117       15.805
      78.577        0.000        3.117       15.805
      78.678        0.000        3.117       15.805
      78.778        0.000        3.117       15.805
      78.878        0.000        3.117       15.805
      78.979        0.000        3.117       15.805
      79.079        0.000        3.117       15.805
      79.179        0.000        3.117       15.805
      79.280        0.000        3.117       15.805
      79.380        0.000        3.117       15.805
      79.480        0.000        3.117       15.805
      79.581        0.000        3.117       15.805
      79.681        0.000        3.117       15.805
      79.781        0.000        3.117       15.805
      79.882        0.000        3.117       15.805
      79.982        0.000        3.117       15.805
      80.082        0.000        3.117       15.805
      80.183        0.000        3.117       15.805
      80.283        0.000        3.117       15.805
      80.384        0.000        3.117       15.805
      80.484        0.000        3.117       15.805
      80.584        0.000        3.117       15.805
      80.685        0.000        3.117       15.805
      80.785        0.000        3.117       15.805
      80.885        0.000        3.117       15.805
      80.986        0.000        3.117       15.805
      81.086        0.000        3.117       15.805
      81.187        0.000        3.117       15.805
      81.287        0.000        3.117       15.805
      81.387        0.000        3.117       15.805
      81.488        0.000        3.117       15.805
      81.588        0.000        3.117       15.805
      81.688        0.000        3.117       15.805
      81.789        0.000        3.117       15.805
      81.889        0.000        3.117       15.805
      81.989        0.000        3.117       15.805
      82.090        0.000        3.117       15.805
      82.190        0.000        3.117       15.805
      82.291        0.000        3.117       15.805
      82.391        0.000        3.117       15.805
      82.491        0.000        3.117       15.805
      82.592        0.000        3.117       15.805
      82.692        0.000        3.117       15.805
      82.792        0.000        3.117       15.805
      82.893        0.000        3.117       15.805
      82.993        0.000        3.117       15.805
      83.093        0.000        3.117       15.805
      83.194        0.000        3.117       15.805
      83.294        0.000        3.117       15.805
      83.394        0.000        3.117       15.805
      83.495        0.000        3.117       15.805
      83.595        0.000        3.117       15.805
      83.695        0.000        3.117       15.805
      83.796        0.000        3.117       15.805
      83.896        0.000        3.117       15.805
      83.996        0.000        3.117       15.805
      84.097        0.000        3.117       15.805
      84.197        0.000        3.117       15.805
      84.297        0.000        3.117       15.805
      84.398        0.000        3.117       15.805
      84.498        0.000        3.117       15.805
      84.598        0.000        3.117       15.805
      84.699        0.000        3.117       15.805
      84.799        0.000        3.117       15.805
      84.899        0.000        3.117       15.805
      85.000        0.000        3.117       15.805
      85.100        0.000        3.117       15.805
      85.200        0.000        3.117       15.805
      85.301        0.000        3.117       15.805
      85.401        0.000        3.117       15.805
      85.501        0.000        3.117       15.805
      85.602        0.000        3.117       15.805
      85.702        0.000        3.117       15.805
      85.802        0.000        3.117       15.805
      85.903        0.000        3.117       15.805
      86.003        0.000        3.117       15.805
      86.103        0.000        3.117       15.805
      86.204        0.000        3.117       15.805
      86.304        0.000        3.117       15.805
      86.405        0.000        3.117       15.805
      86.505        0.000        3.117       15.805
      86.605        0.000        3.117       15.805
      86.706        0.000        3.117       15.805
      86.806        0.000        3.117       15.805
      86.906        0.000        3.117       15.805
      87.007        0.000        3.117       15.805
      87.107        0.000        3.117       15.805
      87.208        0.000        3.117       15.805
      87.308        0.000        3.117       15.805
      87.408        0.000        3.117       15.805
      87.509        0.000        3.117       15.805
      87.609        0.000        3.117       15.805
      87.710        0.000        3.117       15.805
      87.810        0.000        3.117       15.805
      87.910        0.000        3.117       15.805
      88.011        0.000        3.117       15.805
      88.111        0.000        3.117       15.805
      88.211        0.000        3.117       15.805
      88.312        0.000        3.117       15.805
      88.412        0.000        3.117       15.805
      88.512        0.000        3.117       15.805
      88.613        0.000        3.117       15.805
      88.713        0.000        3.117       15.805
      88.813        0.000        3.117       15.805
      88.914        0.000        3.117       15.805
      89.014        0.000        3.117       15.805
      89.114        0.000        3.117       15.805
      89.215        0.000        3.117       15.805
      89.315        0.000        3.117       15.805
      89.416        0.000        3.117       15.805
      89.516        0.000        3.117       15.805
      89.616        0.000        3.117       15.805
      89.717        0.000        3.117       15.805
      89.817        0.000        3.117       15.805
      89.917        0.000        3.117       15.805
      90.018        0.000        3.117       15.805
      90.118        0.000        3.117       15.805
      90.218        0.000        3.117       15.805
      90.319        0.000        3.117       15.805
      90.419        0.000        3.117       15.805
      90.519        0.000        3.117       15.805
      90.620        0.000        3.117       15.805
      90.720        0.000        3.117       15.805
      90.820        0.000        3.117       15.805
      90.921        0.000        3.117       15.805
      91.021        0.000        3.117       15.805
      91.121        0.000        3.117       15.805
      91.222        0.000        3.117       15.805
      91.322        0.000        3.117       15.805
      91.422        0.000        3.117       15.805
      91.523        0.000        3.117       15.805
      91.623        0.000        3.117       15.805
      91.723        0.000        3.117       15.805
      91.824        0.000        3.117       15.805
      91.924        0.000        3.117       15.805
      92.024        0.000        3.117       15.805
      92.125        0.000        3.117       15.805
      92.225        0.000        3.117       15.805
      92.325        0.000        3.117       15.805
      92.426        0.000        3.117       15.805
      92.526        0.000        3.117       15.805
      92.626        0.000        3.117       15.805
      92.727        0.000        3.117       15.805
      92.827        0.000        3.117       15.805
      92.927        0.000        3.117       15.805
      93.028        0.000        3.117       15.805
      93.128        0.000        3.117       15.805
      93.228        0.000        3.117       15.805
      93.329        0.000        3.117       15.805
      93.429        0.000        3.117       15.805
      93.529        0.000        3.117       15.805
      93.630        0.000        3.117       15.805
      93.730        0.000        3.117       15.805
      93.830        0.000        3.117       15.805
      93.931        0.000        3.117       15.805
      94.031        0.000        3.117       15.805
      94.132        0.000        3.117       15.805
      94.232        0.000        3.117       15.805
      94.332        0.000        3.117       15.805
      94.433        0.000        3.117       15.805
      94.533        0.000        3.117       15.805
      94.633        0.000        3.117       15.805
      94.734        0.000        3.117       15.805
      94.834        0.000        3.117       15.805
      94.934        0.000        3.117       15.805
      95.035        0.000        3.117       15.805
      95.135        0.000        3.117       15.805
      95.235        0.000        3.117       15.805
      95.336        0.000        3.117       15.805
      95.436        0.000        3.117       15.805
      95.536        0.000        3.117       15.805
      95.637        0.000        3.117       15.805
      95.737        0.000        3.117       15.805
      95.837        0.000        3.117       15.805
      95.938        0.000        3.117       15.805
      96.038        0.000        3.117       15.805
      96.138        0.000        3.117       15.805
      96.238        0.000        3.117       15.805
      96.339        0.000        3.117       15.805
      96.439        0.000        3.117       15.805
      96.539        0.000        3.117       15.805
      96.640        0.000        3.117       15.805
      96.740        0.000        3.117       15.805
      96.840        0.000        3.117       15.805
      96.941        0.000        3.117       15.805
      97.041        0.000        3.117       15.805
      97.141        0.000        3.117       15.805
      97.242        0.000        3.117       15.805
      97.342        0.000        3.117       15.805
      97.442        0.000        3.117       15.805
      97.543        0.000        3.117       15.805
      97.643        0.000        3.117       15.805
      97.744        0.000        3.117       15.805
      97.844        0.000        3.117       15.805
      97.944        0.000        3.117       15.805
      98.045        0.000        3.117       15.805
      98.145        0.000        3.117       15.805
      98.245        0.000        3.117       15.805
      98.346        0.000        3.117       15.805
      98.446        0.000        3.117       15.805
      98.546        0.000        3.117       15.805
      98.647        0.000        3.117       15.805
      98.747        0.000        3.117       15.805
      98.847        0.000        3.117       15.805
      98.948        0.000        3.117       15.805
      99.048        0.000        3.117       15.805
      99.149        0.000        3.117       15.805
      99.249        0.000        3.117       15.805
      99.349        0.000        3.117       15.805
      99.450        0.000        3.117       15.805
      99.550        0.000        3.117       15.805
      99.650        0.000        3.117       15.805
      99.751        0.000        3.117       15.805
      99.851        0.000        3.117       15.805
      99.951        0.000        3.117       15.805
