# Elapsed time   CPU (%)     Real (MB)   Virtual (MB)
       0.000        0.000        3.102       15.805
       0.100        0.000        3.102       15.805
       0.201        0.000        3.102       15.805
       0.301        0.000        3.102       15.805
       0.402        0.000        3.102       15.805
       0.502        0.000        3.102       15.805
       0.602        0.000        3.102       15.805
       0.703        0.000        3.102       15.805
       0.803        0.000        3.102       15.805
       0.903        0.000        3.102       15.805
       1.004        0.000        3.102       15.805
       1.104        0.000        3.102       15.805
       1.205        0.000        3.102       15.805
       1.305        0.000        3.102       15.805
       1.405        0.000        3.102       15.805
       1.506        0.000        3.102       15.805
       1.606        0.000        3.102       15.805
       1.707        0.000        3.102       15.805
       1.807        0.000        3.102       15.805
       1.907        0.000        3.102       15.805
       2.008        0.000        3.102       15.805
       2.108        0.000        3.102       15.805
       2.209        0.000        3.102       15.805
       2.309        0.000        3.102       15.805
       2.409        0.000        3.102       15.805
       2.510        0.000        3.102       15.805
       2.610        0.000        3.102       15.805
       2.711        0.000        3.102       15.805
       2.811        0.000        3.102       15.805
       2.911        0.000        3.102       15.805
       3.012        0.000        3.102       15.805
       3.112        0.000        3.102       15.805
       3.212        0.000        3.102       15.805
       3.313        0.000        3.102       15.805
       3.413        0.000        3.102       15.805
       3.513        0.000        3.102       15.805
       3.614        0.000        3.102       15.805
       3.714        0.000        3.102       15.805
       3.815        0.000        3.102       15.805
       3.915        0.000        3.102       15.805
       4.015        0.000        3.102       15.805
       4.116        0.000        3.102       15.805
       4.216        0.000        3.102       15.805
       4.316        0.000        3.102       15.805
       4.417        0.000        3.102       15.805
       4.517        0.000        3.102       15.805
       4.618        0.000        3.102       15.805
       4.718        0.000        3.102       15.805
       4.819        0.000        3.102       15.805
       4.919        0.000        3.102       15.805
       5.019        0.000        3.102       15.805
       5.119        0.000        3.102       15.805
       5.220        0.000        3.102       15.805
       5.320        0.000        3.102       15.805
       5.420        0.000        3.102       15.805
       5.521        0.000        3.102       15.805
       5.621        0.000        3.102       15.805
       5.722        0.000        3.102       15.805
       5.822        0.000        3.102       15.805
       5.922        0.000        3.102       15.805
       6.023        0.000        3.102       15.805
       6.123        0.000        3.102       15.805
       6.224        0.000        3.102       15.805
       6.324        0.000        3.102       15.805
       6.424        0.000        3.102       15.805
       6.525        0.000        3.102       15.805
       6.625        0.000        3.102       15.805
       6.725        0.000        3.102       15.805
       6.826        0.000        3.102       15.805
       6.926        0.000        3.102       15.805
       7.026        0.000        3.102       15.805
       7.127        0.000        3.102       15.805
       7.227        0.000        3.102       15.805
       7.327        0.000        3.102       15.805
       7.428        0.000        3.102       15.805
       7.528        0.000        3.102       15.805
       7.628        0.000        3.102       15.805
       7.729        0.000        3.102       15.805
       7.829        0.000        3.102       15.805
       7.929        0.000        3.102       15.805
       8.030        0.000        3.102       15.805
       8.130        0.000        3.102       15.805
       8.230        0.000        3.102       15.805
       8.331        0.000        3.102       15.805
       8.431        0.000        3.102       15.805
       8.531        0.000        3.102       15.805
       8.632        0.000        3.102       15.805
       8.732        0.000        3.102       15.805
       8.832        0.000        3.102       15.805
       8.933        0.000        3.102       15.805
       9.033        0.000        3.102       15.805
       9.133        0.000        3.102       15.805
       9.234        0.000        3.102       15.805
       9.334        0.000        3.102       15.805
       9.434        0.000        3.102       15.805
       9.534        0.000        3.102       15.805
       9.635        0.000        3.102       15.805
       9.735        0.000        3.102       15.805
       9.835        0.000        3.102       15.805
       9.936        0.000        3.102       15.805
      10.036        0.000        3.102       15.805
      10.136        0.000        3.102       15.805
      10.237        0.000        3.102       15.805
      10.337        0.000        3.102       15.805
      10.437        0.000        3.102       15.805
      10.538        0.000        3.102       15.805
      10.638        0.000        3.102       15.805
      10.739        0.000        3.102       15.805
      10.839        0.000        3.102       15.805
      10.939        0.000        3.102       15.805
      11.040        0.000        3.102       15.805
      11.140        0.000        3.102       15.805
      11.240        0.000        3.102       15.805
      11.341        0.000        3.102       15.805
      11.441        0.000        3.102       15.805
      11.541        0.000        3.102       15.805
      11.642        0.000        3.102       15.805
      11.742        0.000        3.102       15.805
      11.842        0.000        3.102       15.805
      11.943        0.000        3.102       15.805
      12.043        0.000        3.102       15.805
      12.143        0.000        3.102       15.805
      12.244        0.000        3.102       15.805
      12.344        0.000        3.102       15.805
      12.444        0.000        3.102       15.805
      12.545        0.000        3.102       15.805
      12.645        0.000        3.102       15.805
      12.745        0.000        3.102       15.805
      12.846        0.000        3.102       15.805
      12.946        0.000        3.102       15.805
      13.047        0.000        3.102       15.805
      13.147        0.000        3.102       15.805
      13.247        0.000        3.102       15.805
      13.348        0.000        3.102       15.805
      13.448        0.000        3.102       15.805
      13.548        0.000        3.102       15.805
      13.649        0.000        3.102       15.805
      13.749        0.000        3.102       15.805
      13.849        0.000        3.102       15.805
      13.950        0.000        3.102       15.805
      14.050        0.000        3.102       15.805
      14.150        0.000        3.102       15.805
      14.251        0.000        3.102       15.805
      14.351        0.000        3.102       15.805
      14.451        0.000        3.102       15.805
      14.552        0.000        3.102       15.805
      14.652        0.000        3.102       15.805
      14.752        0.000        3.102       15.805
      14.853        0.000        3.102       15.805
      14.953        0.000        3.102       15.805
      15.053        0.000        3.102       15.805
      15.154        0.000        3.102       15.805
      15.254        0.000        3.102       15.805
      15.354        0.000        3.102       15.805
      15.455        0.000        3.102       15.805
      15.555        0.000        3.102       15.805
      15.655        0.000        3.102       15.805
      15.756        0.000        3.102       15.805
      15.856        0.000        3.102       15.805
      15.956        0.000        3.102       15.805
      16.057        0.000        3.102       15.805
      16.157        0.000        3.102       15.805
      16.257        0.000        3.102       15.805
      16.358        0.000        3.102       15.805
      16.458        0.000        3.102       15.805
      16.558        0.000        3.102       15.805
      16.659        0.000        3.102       15.805
      16.759        0.000        3.102       15.805
      16.859        0.000        3.102       15.805
      16.960        0.000        3.102       15.805
      17.060        0.000        3.102       15.805
      17.160        0.000        3.102       15.805
      17.261        0.000        3.102       15.805
      17.361        0.000        3.102       15.805
      17.461        0.000        3.102       15.805
      17.562        0.000        3.102       15.805
      17.662        0.000        3.102       15.805
      17.762        0.000        3.102       15.805
      17.863        0.000        3.102       15.805
      17.963        0.000        3.102       15.805
      18.063        0.000        3.102       15.805
      18.164        0.000        3.102       15.805
      18.264        0.000        3.102       15.805
      18.364        0.000        3.102       15.805
      18.464        0.000        3.102       15.805
      18.565        0.000        3.102       15.805
      18.665        0.000        3.102       15.805
      18.766        0.000        3.102       15.805
      18.866        0.000        3.102       15.805
      18.966        0.000        3.102       15.805
      19.067        0.000        3.102       15.805
      19.167        0.000        3.102       15.805
      19.267        0.000        3.102       15.805
      19.368        0.000        3.102       15.805
      19.468        0.000        3.102       15.805
      19.568        0.000        3.102       15.805
      19.669        0.000        3.102       15.805
      19.769        0.000        3.102       15.805
      19.869        0.000        3.102       15.805
      19.970        0.000        3.102       15.805
      20.070        0.000        3.102       15.805
      20.170        0.000        3.102       15.805
      20.271        0.000        3.102       15.805
      20.371        0.000        3.102       15.805
      20.471        0.000        3.102       15.805
      20.571        0.000        3.102       15.805
      20.672        0.000        3.102       15.805
      20.772        0.000        3.102       15.805
      20.872        0.000        3.102       15.805
      20.973        0.000        3.102       15.805
      21.073        0.000        3.102       15.805
      21.173        0.000        3.102       15.805
      21.274        0.000        3.102       15.805
      21.374        0.000        3.102       15.805
      21.474        0.000        3.102       15.805
      21.575        0.000        3.102       15.805
      21.675        0.000        3.102       15.805
      21.775        0.000        3.102       15.805
      21.876        0.000        3.102       15.805
      21.976        0.000        3.102       15.805
      22.077        0.000        3.102       15.805
      22.177        0.000        3.102       15.805
      22.277        0.000        3.102       15.805
      22.378        0.000        3.102       15.805
      22.478        0.000        3.102       15.805
      22.578        0.000        3.102       15.805
      22.679        0.000        3.102       15.805
      22.779        0.000        3.102       15.805
      22.879        0.000        3.102       15.805
      22.980        0.000        3.102       15.805
      23.080        0.000        3.102       15.805
      23.180        0.000        3.102       15.805
      23.281        0.000        3.102       15.805
      23.381        0.000        3.102       15.805
      23.481        0.000        3.102       15.805
      23.582        0.000        3.102       15.805
      23.682        0.000        3.102       15.805
      23.783        0.000        3.102       15.805
      23.883        0.000        3.102       15.805
      23.984        0.000        3.102       15.805
      24.084        0.000        3.102       15.805
      24.184        0.000        3.102       15.805
      24.284        0.000        3.102       15.805
      24.385        0.000        3.102       15.805
      24.485        0.000        3.102       15.805
      24.585        0.000        3.102       15.805
      24.686        0.000        3.102       15.805
      24.786        0.000        3.102       15.805
      24.886        0.000        3.102       15.805
      24.987        0.000        3.102       15.805
      25.087        0.000        3.102       15.805
      25.187        0.000        3.102       15.805
      25.288        0.000        3.102       15.805
      25.388        0.000        3.102       15.805
      25.488        0.000        3.102       15.805
      25.589        0.000        3.102       15.805
      25.689        0.000        3.102       15.805
      25.789        0.000        3.102       15.805
      25.889        0.000        3.102       15.805
      25.990        0.000        3.102       15.805
      26.090        0.000        3.102       15.805
      26.190        0.000        3.102       15.805
      26.291        0.000        3.102       15.805
      26.391        0.000        3.102       15.805
      26.491        0.000        3.102       15.805
      26.592        0.000        3.102       15.805
      26.692        0.000        3.102       15.805
      26.792        0.000        3.102       15.805
      26.892        0.000        3.102       15.805
      26.993        0.000        3.102       15.805
      27.093        0.000        3.102       15.805
      27.193        0.000        3.102       15.805
      27.294        0.000        3.102       15.805
      27.394        0.000        3.102       15.805
      27.494        0.000        3.102       15.805
      27.595        0.000        3.102       15.805
      27.695        0.000        3.102       15.805
      27.795        0.000        3.102       15.805
      27.896        0.000        3.102       15.805
      27.996        0.000        3.102       15.805
      28.096        0.000        3.102       15.805
      28.197        0.000        3.102       15.805
      28.297        0.000        3.102       15.805
      28.397        0.000        3.102       15.805
      28.498        0.000        3.102       15.805
      28.598        0.000        3.102       15.805
      28.698        0.000        3.102       15.805
      28.798        0.000        3.102       15.805
      28.899        0.000        3.102       15.805
      28.999        0.000        3.102       15.805
      29.099        0.000        3.102       15.805
      29.200        0.000        3.102       15.805
      29.300        0.000        3.102       15.805
      29.401        0.000        3.102       15.805
      29.501        0.000        3.102       15.805
      29.601        0.000        3.102       15.805
      29.702        0.000        3.102       15.805
      29.802        0.000        3.102       15.805
      29.902        0.000        3.102       15.805
      30.003        0.000        3.102       15.805
      30.103        0.000        3.102       15.805
      30.203        0.000        3.102       15.805
      30.304        0.000        3.102       15.805
      30.404        0.000        3.102       15.805
      30.504        0.000        3.102       15.805
      30.604        0.000        3.102       15.805
      30.705        0.000        3.102       15.805
      30.805        0.000        3.102       15.805
      30.905        0.000        3.102       15.805
      31.006        0.000        3.102       15.805
      31.106        0.000        3.102       15.805
      31.206        0.000        3.102       15.805
      31.307        0.000        3.102       15.805
      31.407        0.000        3.102       15.805
      31.507        0.000        3.102       15.805
      31.608        0.000        3.102       15.805
      31.708        0.000        3.102       15.805
      31.808        0.000        3.102       15.805
      31.909        0.000        3.102       15.805
      32.009        0.000        3.102       15.805
      32.109        0.000        3.102       15.805
      32.210        0.000        3.102       15.805
      32.310        0.000        3.102       15.805
      32.410        0.000        3.102       15.805
      32.511        0.000        3.102       15.805
      32.611        0.000        3.102       15.805
      32.711        0.000        3.102       15.805
      32.812        0.000        3.102       15.805
      32.912        0.000        3.102       15.805
      33.012        0.000        3.102       15.805
      33.113        0.000        3.102       15.805
      33.213        0.000        3.102       15.805
      33.313        0.000        3.102       15.805
      33.414        0.000        3.102       15.805
      33.514        0.000        3.102       15.805
      33.614        0.000        3.102       15.805
      33.715        0.000        3.102       15.805
      33.815        0.000        3.102       15.805
      33.916        0.000        3.102       15.805
      34.016        0.000        3.102       15.805
      34.116        0.000        3.102       15.805
      34.217        0.000        3.102       15.805
      34.317        0.000        3.102       15.805
      34.417        0.000        3.102       15.805
      34.518        0.000        3.102       15.805
      34.618        0.000        3.102       15.805
      34.719        0.000        3.102       15.805
      34.819        0.000        3.102       15.805
      34.919        0.000        3.102       15.805
      35.020        0.000        3.102       15.805
      35.120        0.000        3.102       15.805
      35.220        0.000        3.102       15.805
      35.321        0.000        3.102       15.805
      35.421        0.000        3.102       15.805
      35.522        0.000        3.102       15.805
      35.622        0.000        3.102       15.805
      35.722        0.000        3.102       15.805
      35.823        0.000        3.102       15.805
      35.923        0.000        3.102       15.805
      36.023        0.000        3.102       15.805
      36.124        0.000        3.102       15.805
      36.224        0.000        3.102       15.805
      36.324        0.000        3.102       15.805
      36.425        0.000        3.102       15.805
      36.525        0.000        3.102       15.805
      36.625        0.000        3.102       15.805
      36.726        0.000        3.102       15.805
      36.826        0.000        3.102       15.805
      36.927        0.000        3.102       15.805
      37.027        0.000        3.102       15.805
      37.127        0.000        3.102       15.805
      37.228        0.000        3.102       15.805
      37.328        0.000        3.102       15.805
      37.428        0.000        3.102       15.805
      37.529        0.000        3.102       15.805
      37.629        0.000        3.102       15.805
      37.729        0.000        3.102       15.805
      37.830        0.000        3.102       15.805
      37.930        0.000        3.102       15.805
      38.031        0.000        3.102       15.805
      38.131        0.000        3.102       15.805
      38.231        0.000        3.102       15.805
      38.332        0.000        3.102       15.805
      38.432        0.000        3.102       15.805
      38.532        0.000        3.102       15.805
      38.633        0.000        3.102       15.805
      38.733        0.000        3.102       15.805
      38.833        0.000        3.102       15.805
      38.934        0.000        3.102       15.805
      39.034        0.000        3.102       15.805
      39.134        0.000        3.102       15.805
      39.235        0.000        3.102       15.805
      39.335        0.000        3.102       15.805
      39.436        0.000        3.102       15.805
      39.536        0.000        3.102       15.805
      39.636        0.000        3.102       15.805
      39.737        0.000        3.102       15.805
      39.837        0.000        3.102       15.805
      39.937        0.000        3.102       15.805
      40.038        0.000        3.102       15.805
      40.138        0.000        3.102       15.805
      40.238        0.000        3.102       15.805
      40.339        0.000        3.102       15.805
      40.439        0.000        3.102       15.805
      40.540        0.000        3.102       15.805
      40.640        0.000        3.102       15.805
      40.740        0.000        3.102       15.805
      40.841        0.000        3.102       15.805
      40.941        0.000        3.102       15.805
      41.041        0.000        3.102       15.805
      41.142        0.000        3.102       15.805
      41.242        0.000        3.102       15.805
      41.342        0.000        3.102       15.805
      41.443        0.000        3.102       15.805
      41.543        0.000        3.102       15.805
      41.643        0.000        3.102       15.805
      41.744        0.000        3.102       15.805
      41.844        0.000        3.102       15.805
      41.945        0.000        3.102       15.805
      42.045        0.000        3.102       15.805
      42.145        0.000        3.102       15.805
      42.246        0.000        3.102       15.805
      42.346        0.000        3.102       15.805
      42.446        0.000        3.102       15.805
      42.547        0.000        3.102       15.805
      42.647        0.000        3.102       15.805
      42.748        0.000        3.102       15.805
      42.848        0.000        3.102       15.805
      42.949        0.000        3.102       15.805
      43.049        0.000        3.102       15.805
      43.149        0.000        3.102       15.805
      43.250        0.000        3.102       15.805
      43.350        0.000        3.102       15.805
      43.450        0.000        3.102       15.805
      43.551        0.000        3.102       15.805
      43.651        0.000        3.102       15.805
      43.752        0.000        3.102       15.805
      43.852        0.000        3.102       15.805
      43.952        0.000        3.102       15.805
      44.053        0.000        3.102       15.805
      44.153        0.000        3.102       15.805
      44.253        0.000        3.102       15.805
      44.354        0.000        3.102       15.805
      44.454        0.000        3.102       15.805
      44.554        0.000        3.102       15.805
      44.655        0.000        3.102       15.805
      44.755        0.000        3.102       15.805
      44.856        0.000        3.102       15.805
      44.956        0.000        3.102       15.805
      45.056        0.000        3.102       15.805
      45.157        0.000        3.102       15.805
      45.257        0.000        3.102       15.805
      45.357        0.000        3.102       15.805
      45.458        0.000        3.102       15.805
      45.558        0.000        3.102       15.805
      45.659        0.000        3.102       15.805
      45.759        0.000        3.102       15.805
      45.859        0.000        3.102       15.805
      45.960        0.000        3.102       15.805
      46.060        0.000        3.102       15.805
      46.161        0.000        3.102       15.805
      46.261        0.000        3.102       15.805
      46.361        0.000        3.102       15.805
      46.462        0.000        3.102       15.805
      46.562        0.000        3.102       15.805
      46.662        0.000        3.102       15.805
      46.763        0.000        3.102       15.805
      46.863        0.000        3.102       15.805
      46.963        0.000        3.102       15.805
      47.064        0.000        3.102       15.805
      47.164        0.000        3.102       15.805
      47.264        0.000        3.102       15.805
      47.365        0.000        3.102       15.805
      47.465        0.000        3.102       15.805
      47.565        0.000        3.102       15.805
      47.666        0.000        3.102       15.805
      47.766        0.000        3.102       15.805
      47.867        0.000        3.102       15.805
      47.967        0.000        3.102       15.805
      48.067        0.000        3.102       15.805
      48.168        0.000        3.102       15.805
      48.268        0.000        3.102       15.805
      48.368        0.000        3.102       15.805
      48.469        0.000        3.102       15.805
      48.569        0.000        3.102       15.805
      48.669        0.000        3.102       15.805
      48.770        0.000        3.102       15.805
      48.870        0.000        3.102       15.805
      48.970        0.000        3.102       15.805
      49.071        0.000        3.102       15.805
      49.171        0.000        3.102       15.805
      49.272        0.000        3.102       15.805
      49.372        0.000        3.102       15.805
      49.472        0.000        3.102       15.805
      49.572        0.000        3.102       15.805
      49.673        0.000        3.102       15.805
      49.773        0.000        3.102       15.805
      49.873        0.000        3.102       15.805
      49.974        0.000        3.102       15.805
      50.074        0.000        3.102       15.805
      50.174        0.000        3.102       15.805
      50.275        0.000        3.102       15.805
      50.375        0.000        3.102       15.805
      50.476        0.000        3.102       15.805
      50.576        0.000        3.102       15.805
      50.676        0.000        3.102       15.805
      50.777        0.000        3.102       15.805
      50.877        0.000        3.102       15.805
      50.977        0.000        3.102       15.805
      51.078        0.000        3.102       15.805
      51.178        0.000        3.102       15.805
      51.279        0.000        3.102       15.805
      51.379        0.000        3.102       15.805
      51.479        0.000        3.102       15.805
      51.580        0.000        3.102       15.805
      51.680        0.000        3.102       15.805
      51.781        0.000        3.102       15.805
      51.881        0.000        3.102       15.805
      51.981        0.000        3.102       15.805
      52.082        0.000        3.102       15.805
      52.182        0.000        3.102       15.805
      52.282        0.000        3.102       15.805
      52.383        0.000        3.102       15.805
      52.483        0.000        3.102       15.805
      52.583        0.000        3.102       15.805
      52.684        0.000        3.102       15.805
      52.784        0.000        3.102       15.805
      52.884        0.000        3.102       15.805
      52.985        0.000        3.102       15.805
      53.085        0.000        3.102       15.805
      53.186        0.000        3.102       15.805
      53.286        0.000        3.102       15.805
      53.386        0.000        3.102       15.805
      53.487        0.000        3.102       15.805
      53.587        0.000        3.102       15.805
      53.688        0.000        3.102       15.805
      53.788        0.000        3.102       15.805
      53.888        0.000        3.102       15.805
      53.989        0.000        3.102       15.805
      54.089        0.000        3.102       15.805
      54.189        0.000        3.102       15.805
      54.290        0.000        3.102       15.805
      54.390        0.000        3.102       15.805
      54.490        0.000        3.102       15.805
      54.590        0.000        3.102       15.805
      54.691        0.000        3.102       15.805
      54.791        0.000        3.102       15.805
      54.892        0.000        3.102       15.805
      54.992        0.000        3.102       15.805
      55.092        0.000        3.102       15.805
      55.192        0.000        3.102       15.805
      55.293        0.000        3.102       15.805
      55.393        0.000        3.102       15.805
      55.493        0.000        3.102       15.805
      55.594        0.000        3.102       15.805
      55.694        0.000        3.102       15.805
      55.794        0.000        3.102       15.805
      55.895        0.000        3.102       15.805
      55.995        0.000        3.102       15.805
      56.095        0.000        3.102       15.805
      56.196        0.000        3.102       15.805
      56.296        0.000        3.102       15.805
      56.396        0.000        3.102       15.805
      56.497        0.000        3.102       15.805
      56.597        0.000        3.102       15.805
      56.697        0.000        3.102       15.805
      56.798        0.000        3.102       15.805
      56.898        0.000        3.102       15.805
      56.998        0.000        3.102       15.805
      57.099        0.000        3.102       15.805
      57.199        0.000        3.102       15.805
      57.299        0.000        3.102       15.805
      57.400        0.000        3.102       15.805
      57.500        0.000        3.102       15.805
      57.600        0.000        3.102       15.805
      57.701        0.000        3.102       15.805
      57.801        0.000        3.102       15.805
      57.901        0.000        3.102       15.805
      58.002        0.000        3.102       15.805
      58.102        0.000        3.102       15.805
      58.202        0.000        3.102       15.805
      58.303        0.000        3.102       15.805
      58.403        0.000        3.102       15.805
      58.503        0.000        3.102       15.805
      58.604        0.000        3.102       15.805
      58.704        0.000        3.102       15.805
      58.804        0.000        3.102       15.805
      58.905        0.000        3.102       15.805
      59.005        0.000        3.102       15.805
      59.105        0.000        3.102       15.805
      59.206        0.000        3.102       15.805
      59.306        0.000        3.102       15.805
      59.406        0.000        3.102       15.805
      59.507        0.000        3.102       15.805
      59.607        0.000        3.102       15.805
      59.708        0.000        3.102       15.805
      59.808        0.000        3.102       15.805
      59.908        0.000        3.102       15.805
      60.009        0.000        3.102       15.805
      60.109        0.000        3.102       15.805
      60.209        0.000        3.102       15.805
      60.310        0.000        3.102       15.805
      60.410        0.000        3.102       15.805
      60.511        0.000        3.102       15.805
      60.611        0.000        3.102       15.805
      60.711        0.000        3.102       15.805
      60.812        0.000        3.102       15.805
      60.912        0.000        3.102       15.805
      61.013        0.000        3.102       15.805
      61.113        0.000        3.102       15.805
      61.213        0.000        3.102       15.805
      61.314        0.000        3.102       15.805
      61.414        0.000        3.102       15.805
      61.514        0.000        3.102       15.805
      61.615        0.000        3.102       15.805
      61.715        0.000        3.102       15.805
      61.815        0.000        3.102       15.805
      61.916        0.000        3.102       15.805
      62.016        0.000        3.102       15.805
      62.116        0.000        3.102       15.805
      62.217        0.000        3.102       15.805
      62.317        0.000        3.102       15.805
      62.417        0.000        3.102       15.805
      62.518        0.000        3.102       15.805
      62.618        0.000        3.102       15.805
      62.719        0.000        3.102       15.805
      62.819        0.000        3.102       15.805
      62.919        0.000        3.102       15.805
      63.020        0.000        3.102       15.805
      63.120        0.000        3.102       15.805
      63.220        0.000        3.102       15.805
      63.321        0.000        3.102       15.805
      63.421        0.000        3.102       15.805
      63.521        0.000        3.102       15.805
      63.622        0.000        3.102       15.805
      63.722        0.000        3.102       15.805
      63.822        0.000        3.102       15.805
      63.923        0.000        3.102       15.805
      64.023        0.000        3.102       15.805
      64.123        0.000        3.102       15.805
      64.224        0.000        3.102       15.805
      64.324        0.000        3.102       15.805
      64.424        0.000        3.102       15.805
      64.525        0.000        3.102       15.805
      64.625        0.000        3.102       15.805
      64.726        0.000        3.102       15.805
      64.826        0.000        3.102       15.805
      64.926        0.000        3.102       15.805
      65.027        0.000        3.102       15.805
      65.127        0.000        3.102       15.805
      65.227        0.000        3.102       15.805
      65.328        0.000        3.102       15.805
      65.428        0.000        3.102       15.805
      65.528        0.000        3.102       15.805
      65.629        0.000        3.102       15.805
      65.729        0.000        3.102       15.805
      65.829        0.000        3.102       15.805
      65.930        0.000        3.102       15.805
      66.030        0.000        3.102       15.805
      66.130        0.000        3.102       15.805
      66.231        0.000        3.102       15.805
      66.331        0.000        3.102       15.805
      66.431        0.000        3.102       15.805
      66.532        0.000        3.102       15.805
      66.632        0.000        3.102       15.805
      66.733        0.000        3.102       15.805
      66.833        0.000        3.102       15.805
      66.934        0.000        3.102       15.805
      67.034        0.000        3.102       15.805
      67.134        0.000        3.102       15.805
      67.235        0.000        3.102       15.805
      67.335        0.000        3.102       15.805
      67.435        0.000        3.102       15.805
      67.536        0.000        3.102       15.805
      67.636        0.000        3.102       15.805
      67.736        0.000        3.102       15.805
      67.837        0.000        3.102       15.805
      67.937        0.000        3.102       15.805
      68.037        0.000        3.102       15.805
      68.138        0.000        3.102       15.805
      68.238        0.000        3.102       15.805
      68.339        0.000        3.102       15.805
      68.439        0.000        3.102       15.805
      68.539        0.000        3.102       15.805
      68.640        0.000        3.102       15.805
      68.740        0.000        3.102       15.805
      68.840        0.000        3.102       15.805
      68.941        0.000        3.102       15.805
      69.041        0.000        3.102       15.805
      69.142        0.000        3.102       15.805
      69.242        0.000        3.102       15.805
      69.342        0.000        3.102       15.805
      69.443        0.000        3.102       15.805
      69.543        0.000        3.102       15.805
      69.643        0.000        3.102       15.805
      69.744        0.000        3.102       15.805
      69.844        0.000        3.102       15.805
      69.944        0.000        3.102       15.805
      70.045        0.000        3.102       15.805
      70.145        0.000        3.102       15.805
      70.245        0.000        3.102       15.805
      70.346        0.000        3.102       15.805
      70.446        0.000        3.102       15.805
      70.546        0.000        3.102       15.805
      70.647        0.000        3.102       15.805
      70.747        0.000        3.102       15.805
      70.847        0.000        3.102       15.805
      70.948        0.000        3.102       15.805
      71.048        0.000        3.102       15.805
      71.149        0.000        3.102       15.805
      71.249        0.000        3.102       15.805
      71.349        0.000        3.102       15.805
      71.449        0.000        3.102       15.805
      71.550        0.000        3.102       15.805
      71.650        0.000        3.102       15.805
      71.751        0.000        3.102       15.805
      71.851        0.000        3.102       15.805
      71.951        0.000        3.102       15.805
      72.052        0.000        3.102       15.805
      72.152        0.000        3.102       15.805
      72.252        0.000        3.102       15.805
      72.353        0.000        3.102       15.805
      72.453        0.000        3.102       15.805
      72.554        0.000        3.102       15.805
      72.654        0.000        3.102       15.805
      72.754        0.000        3.102       15.805
      72.855        0.000        3.102       15.805
      72.955        0.000        3.102       15.805
      73.056        0.000        3.102       15.805
      73.156        0.000        3.102       15.805
      73.256        0.000        3.102       15.805
      73.357        0.000        3.102       15.805
      73.457        0.000        3.102       15.805
      73.557        0.000        3.102       15.805
      73.658        0.000        3.102       15.805
      73.758        0.000        3.102       15.805
      73.859        0.000        3.102       15.805
      73.959        0.000        3.102       15.805
      74.059        0.000        3.102       15.805
      74.160        0.000        3.102       15.805
      74.260        0.000        3.102       15.805
      74.360        0.000        3.102       15.805
      74.461        0.000        3.102       15.805
      74.561        0.000        3.102       15.805
      74.661        0.000        3.102       15.805
      74.762        0.000        3.102       15.805
      74.862        0.000        3.102       15.805
      74.963        0.000        3.102       15.805
      75.063        0.000        3.102       15.805
      75.163        0.000        3.102       15.805
      75.264        0.000        3.102       15.805
      75.364        0.000        3.102       15.805
      75.465        0.000        3.102       15.805
      75.565        0.000        3.102       15.805
      75.665        0.000        3.102       15.805
      75.766        0.000        3.102       15.805
      75.866        0.000        3.102       15.805
      75.966        0.000        3.102       15.805
      76.067        0.000        3.102       15.805
      76.167        0.000        3.102       15.805
      76.267        0.000        3.102       15.805
      76.368        0.000        3.102       15.805
      76.468        0.000        3.102       15.805
      76.569        0.000        3.102       15.805
      76.669        0.000        3.102       15.805
      76.769        0.000        3.102       15.805
      76.870        0.000        3.102       15.805
      76.970        0.000        3.102       15.805
      77.070        0.000        3.102       15.805
      77.170        0.000        3.102       15.805
      77.271        0.000        3.102       15.805
      77.371        0.000        3.102       15.805
      77.471        0.000        3.102       15.805
      77.572        0.000        3.102       15.805
      77.672        0.000        3.102       15.805
      77.772        0.000        3.102       15.805
      77.873        0.000        3.102       15.805
      77.973        0.000        3.102       15.805
      78.073        0.000        3.102       15.805
      78.173        0.000        3.102       15.805
      78.274        0.000        3.102       15.805
      78.374        0.000        3.102       15.805
      78.475        0.000        3.102       15.805
      78.575        0.000        3.102       15.805
      78.675        0.000        3.102       15.805
      78.776        0.000        3.102       15.805
      78.876        0.000        3.102       15.805
      78.977        0.000        3.102       15.805
      79.077        0.000        3.102       15.805
      79.177        0.000        3.102       15.805
      79.278        0.000        3.102       15.805
      79.378        0.000        3.102       15.805
      79.478        0.000        3.102       15.805
      79.579        0.000        3.102       15.805
      79.679        0.000        3.102       15.805
      79.779        0.000        3.102       15.805
      79.880        0.000        3.102       15.805
      79.980        0.000        3.102       15.805
      80.081        0.000        3.102       15.805
      80.181        0.000        3.102       15.805
      80.281        0.000        3.102       15.805
      80.382        0.000        3.102       15.805
      80.482        0.000        3.102       15.805
      80.583        0.000        3.102       15.805
      80.683        0.000        3.102       15.805
      80.783        0.000        3.102       15.805
      80.884        0.000        3.102       15.805
      80.984        0.000        3.102       15.805
      81.085        0.000        3.102       15.805
      81.185        0.000        3.102       15.805
      81.285        0.000        3.102       15.805
      81.386        0.000        3.102       15.805
      81.486        0.000        3.102       15.805
      81.586        0.000        3.102       15.805
      81.687        0.000        3.102       15.805
      81.787        0.000        3.102       15.805
      81.887        0.000        3.102       15.805
      81.988        0.000        3.102       15.805
      82.088        0.000        3.102       15.805
      82.189        0.000        3.102       15.805
      82.289        0.000        3.102       15.805
      82.389        0.000        3.102       15.805
      82.490        0.000        3.102       15.805
      82.590        0.000        3.102       15.805
      82.690        0.000        3.102       15.805
      82.791        0.000        3.102       15.805
      82.891        0.000        3.102       15.805
      82.991        0.000        3.102       15.805
      83.092        0.000        3.102       15.805
      83.192        0.000        3.102       15.805
      83.292        0.000        3.102       15.805
      83.393        0.000        3.102       15.805
      83.493        0.000        3.102       15.805
      83.593        0.000        3.102       15.805
      83.693        0.000        3.102       15.805
      83.794        0.000        3.102       15.805
      83.894        0.000        3.102       15.805
      83.995        0.000        3.102       15.805
      84.095        0.000        3.102       15.805
      84.195        0.000        3.102       15.805
      84.295        0.000        3.102       15.805
      84.396        0.000        3.102       15.805
      84.496        0.000        3.102       15.805
      84.596        0.000        3.102       15.805
      84.697        0.000        3.102       15.805
      84.797        0.000        3.102       15.805
      84.897        0.000        3.102       15.805
      84.998        0.000        3.102       15.805
      85.098        0.000        3.102       15.805
      85.198        0.000        3.102       15.805
      85.299        0.000        3.102       15.805
      85.399        0.000        3.102       15.805
      85.499        0.000        3.102       15.805
      85.600        0.000        3.102       15.805
      85.700        0.000        3.102       15.805
      85.800        0.000        3.102       15.805
      85.901        0.000        3.102       15.805
      86.001        0.000        3.102       15.805
      86.101        0.000        3.102       15.805
      86.202        0.000        3.102       15.805
      86.302        0.000        3.102       15.805
      86.403        0.000        3.102       15.805
      86.503        0.000        3.102       15.805
      86.603        0.000        3.102       15.805
      86.704        0.000        3.102       15.805
      86.804        0.000        3.102       15.805
      86.904        0.000        3.102       15.805
      87.005        0.000        3.102       15.805
      87.105        0.000        3.102       15.805
      87.205        0.000        3.102       15.805
      87.306        0.000        3.102       15.805
      87.406        0.000        3.102       15.805
      87.506        0.000        3.102       15.805
      87.607        0.000        3.102       15.805
      87.707        0.000        3.102       15.805
      87.807        0.000        3.102       15.805
      87.908        0.000        3.102       15.805
      88.008        0.000        3.102       15.805
      88.109        0.000        3.102       15.805
      88.209        0.000        3.102       15.805
      88.309        0.000        3.102       15.805
      88.410        0.000        3.102       15.805
      88.510        0.000        3.102       15.805
      88.610        0.000        3.102       15.805
      88.711        0.000        3.102       15.805
      88.811        0.000        3.102       15.805
      88.911        0.000        3.102       15.805
      89.012        0.000        3.102       15.805
      89.112        0.000        3.102       15.805
      89.212        0.000        3.102       15.805
      89.313        0.000        3.102       15.805
      89.413        0.000        3.102       15.805
      89.513        0.000        3.102       15.805
      89.614        0.000        3.102       15.805
      89.714        0.000        3.102       15.805
      89.814        0.000        3.102       15.805
      89.915        0.000        3.102       15.805
      90.015        0.000        3.102       15.805
      90.116        0.000        3.102       15.805
      90.216        0.000        3.102       15.805
      90.316        0.000        3.102       15.805
      90.417        0.000        3.102       15.805
      90.517        0.000        3.102       15.805
      90.617        0.000        3.102       15.805
      90.718        0.000        3.102       15.805
      90.818        0.000        3.102       15.805
      90.918        0.000        3.102       15.805
      91.019        0.000        3.102       15.805
      91.119        0.000        3.102       15.805
      91.219        0.000        3.102       15.805
      91.320        0.000        3.102       15.805
      91.420        0.000        3.102       15.805
      91.520        0.000        3.102       15.805
      91.621        0.000        3.102       15.805
      91.721        0.000        3.102       15.805
      91.821        0.000        3.102       15.805
      91.922        0.000        3.102       15.805
      92.022        0.000        3.102       15.805
      92.122        0.000        3.102       15.805
      92.223        0.000        3.102       15.805
      92.323        0.000        3.102       15.805
      92.424        0.000        3.102       15.805
      92.524        0.000        3.102       15.805
      92.624        0.000        3.102       15.805
      92.724        0.000        3.102       15.805
      92.825        0.000        3.102       15.805
      92.925        0.000        3.102       15.805
      93.025        0.000        3.102       15.805
      93.126        0.000        3.102       15.805
      93.226        0.000        3.102       15.805
      93.326        0.000        3.102       15.805
      93.427        0.000        3.102       15.805
      93.527        0.000        3.102       15.805
      93.628        0.000        3.102       15.805
      93.728        0.000        3.102       15.805
      93.828        0.000        3.102       15.805
      93.929        0.000        3.102       15.805
      94.029        0.000        3.102       15.805
      94.129        0.000        3.102       15.805
      94.230        0.000        3.102       15.805
      94.330        0.000        3.102       15.805
      94.430        0.000        3.102       15.805
      94.531        0.000        3.102       15.805
      94.631        0.000        3.102       15.805
      94.731        0.000        3.102       15.805
      94.832        0.000        3.102       15.805
      94.932        0.000        3.102       15.805
      95.032        0.000        3.102       15.805
      95.133        0.000        3.102       15.805
      95.233        0.000        3.102       15.805
      95.333        0.000        3.102       15.805
      95.434        0.000        3.102       15.805
      95.534        0.000        3.102       15.805
      95.634        0.000        3.102       15.805
      95.735        0.000        3.102       15.805
      95.835        0.000        3.102       15.805
      95.935        0.000        3.102       15.805
      96.036        0.000        3.102       15.805
      96.136        0.000        3.102       15.805
      96.236        0.000        3.102       15.805
      96.337        0.000        3.102       15.805
      96.437        0.000        3.102       15.805
      96.538        0.000        3.102       15.805
      96.638        0.000        3.102       15.805
      96.738        0.000        3.102       15.805
      96.839        0.000        3.102       15.805
      96.939        0.000        3.102       15.805
      97.039        0.000        3.102       15.805
      97.140        0.000        3.102       15.805
      97.240        0.000        3.102       15.805
      97.340        0.000        3.102       15.805
      97.441        0.000        3.102       15.805
      97.541        0.000        3.102       15.805
      97.641        0.000        3.102       15.805
      97.742        0.000        3.102       15.805
      97.842        0.000        3.102       15.805
      97.943        0.000        3.102       15.805
      98.043        0.000        3.102       15.805
      98.143        0.000        3.102       15.805
      98.244        0.000        3.102       15.805
      98.344        0.000        3.102       15.805
      98.444        0.000        3.102       15.805
      98.545        0.000        3.102       15.805
      98.645        0.000        3.102       15.805
      98.746        0.000        3.102       15.805
      98.846        0.000        3.102       15.805
      98.946        0.000        3.102       15.805
      99.047        0.000        3.102       15.805
      99.147        0.000        3.102       15.805
      99.247        0.000        3.102       15.805
      99.348        0.000        3.102       15.805
      99.448        0.000        3.102       15.805
      99.548        0.000        3.102       15.805
      99.649        0.000        3.102       15.805
      99.749        0.000        3.102       15.805
      99.850        0.000        3.102       15.805
      99.950        0.000        3.102       15.805
