# Elapsed time   CPU (%)     Real (MB)   Virtual (MB)
       0.000        0.000        3.230       15.805
       0.100        0.000        3.230       15.805
       0.201        0.000        3.230       15.805
       0.301        0.000        3.230       15.805
       0.402        0.000        3.230       15.805
       0.502        0.000        3.230       15.805
       0.602        0.000        3.230       15.805
       0.703        0.000        3.230       15.805
       0.803        0.000        3.230       15.805
       0.903        0.000        3.230       15.805
       1.004        0.000        3.230       15.805
       1.104        0.000        3.230       15.805
       1.204        0.000        3.230       15.805
       1.305        0.000        3.230       15.805
       1.405        0.000        3.230       15.805
       1.506        0.000        3.230       15.805
       1.606        0.000        3.230       15.805
       1.707        0.000        3.230       15.805
       1.807        0.000        3.230       15.805
       1.907        0.000        3.230       15.805
       2.008        0.000        3.230       15.805
       2.108        0.000        3.230       15.805
       2.209        0.000        3.230       15.805
       2.309        0.000        3.230       15.805
       2.410        0.000        3.230       15.805
       2.510        0.000        3.230       15.805
       2.610        0.000        3.230       15.805
       2.711        0.000        3.230       15.805
       2.811        0.000        3.230       15.805
       2.911        0.000        3.230       15.805
       3.012        0.000        3.230       15.805
       3.112        0.000        3.230       15.805
       3.213        0.000        3.230       15.805
       3.313        0.000        3.230       15.805
       3.413        0.000        3.230       15.805
       3.514        0.000        3.230       15.805
       3.614        0.000        3.230       15.805
       3.714        0.000        3.230       15.805
       3.815        0.000        3.230       15.805
       3.915        0.000        3.230       15.805
       4.016        0.000        3.230       15.805
       4.116        0.000        3.230       15.805
       4.216        0.000        3.230       15.805
       4.317        0.000        3.230       15.805
       4.417        0.000        3.230       15.805
       4.518        0.000        3.230       15.805
       4.618        0.000        3.230       15.805
       4.718        0.000        3.230       15.805
       4.819        0.000        3.230       15.805
       4.919        0.000        3.230       15.805
       5.019        0.000        3.230       15.805
       5.120        0.000        3.230       15.805
       5.220        0.000        3.230       15.805
       5.320        0.000        3.230       15.805
       5.421        0.000        3.230       15.805
       5.521        0.000        3.230       15.805
       5.622        0.000        3.230       15.805
       5.722        0.000        3.230       15.805
       5.822        0.000        3.230       15.805
       5.923        0.000        3.230       15.805
       6.023        0.000        3.230       15.805
       6.123        0.000        3.230       15.805
       6.224        0.000        3.230       15.805
       6.324        0.000        3.230       15.805
       6.424        0.000        3.230       15.805
       6.525        0.000        3.230       15.805
       6.625        0.000        3.230       15.805
       6.725        0.000        3.230       15.805
       6.826        0.000        3.230       15.805
       6.926        0.000        3.230       15.805
       7.026        0.000        3.230       15.805
       7.126        0.000        3.230       15.805
       7.227        0.000        3.230       15.805
       7.327        0.000        3.230       15.805
       7.427        0.000        3.230       15.805
       7.528        0.000        3.230       15.805
       7.628        0.000        3.230       15.805
       7.728        0.000        3.230       15.805
       7.829        0.000        3.230       15.805
       7.929        0.000        3.230       15.805
       8.029        0.000        3.230       15.805
       8.129        0.000        3.230       15.805
       8.230        0.000        3.230       15.805
       8.330        0.000        3.230       15.805
       8.431        0.000        3.230       15.805
       8.531        0.000        3.230       15.805
       8.631        0.000        3.230       15.805
       8.732        0.000        3.230       15.805
       8.832        0.000        3.230       15.805
       8.932        0.000        3.230       15.805
       9.033        0.000        3.230       15.805
       9.133        0.000        3.230       15.805
       9.233        0.000        3.230       15.805
       9.334        0.000        3.230       15.805
       9.434        0.000        3.230       15.805
       9.534        0.000        3.230       15.805
       9.635        0.000        3.230       15.805
       9.735        0.000        3.230       15.805
       9.835        0.000        3.230       15.805
       9.936        0.000        3.230       15.805
      10.036        0.000        3.230       15.805
      10.136        0.000        3.230       15.805
      10.237        0.000        3.230       15.805
      10.337        0.000        3.230       15.805
      10.437        0.000        3.230       15.805
      10.538        0.000        3.230       15.805
      10.638        0.000        3.230       15.805
      10.738        0.000        3.230       15.805
      10.839        0.000        3.230       15.805
      10.939        0.000        3.230       15.805
      11.039        0.000        3.230       15.805
      11.140        0.000        3.230       15.805
      11.240        0.000        3.230       15.805
      11.340        0.000        3.230       15.805
      11.441        0.000        3.230       15.805
      11.541        0.000        3.230       15.805
      11.641        0.000        3.230       15.805
      11.742        0.000        3.230       15.805
      11.842        0.000        3.230       15.805
      11.942        0.000        3.230       15.805
      12.043        0.000        3.230       15.805
      12.143        0.000        3.230       15.805
      12.243        0.000        3.230       15.805
      12.344        0.000        3.230       15.805
      12.444        0.000        3.230       15.805
      12.544        0.000        3.230       15.805
      12.645        0.000        3.230       15.805
      12.745        0.000        3.230       15.805
      12.845        0.000        3.230       15.805
      12.946        0.000        3.230       15.805
      13.046        0.000        3.230       15.805
      13.146        0.000        3.230       15.805
      13.247        0.000        3.230       15.805
      13.347        0.000        3.230       15.805
      13.447        0.000        3.230       15.805
      13.548        0.000        3.230       15.805
      13.648        0.000        3.230       15.805
      13.748        0.000        3.230       15.805
      13.849        0.000        3.230       15.805
      13.949        0.000        3.230       15.805
      14.049        0.000        3.230       15.805
      14.150        0.000        3.230       15.805
      14.250        0.000        3.230       15.805
      14.350        0.000        3.230       15.805
      14.451        0.000        3.230       15.805
      14.551        0.000        3.230       15.805
      14.651        0.000        3.230       15.805
      14.752        0.000        3.230       15.805
      14.852        0.000        3.230       15.805
      14.952        0.000        3.230       15.805
      15.053        0.000        3.230       15.805
      15.153        0.000        3.230       15.805
      15.253        0.000        3.230       15.805
      15.354        0.000        3.230       15.805
      15.454        0.000        3.230       15.805
      15.554        0.000        3.230       15.805
      15.655        0.000        3.230       15.805
      15.755        0.000        3.230       15.805
      15.855        0.000        3.230       15.805
      15.956        0.000        3.230       15.805
      16.056        0.000        3.230       15.805
      16.156        0.000        3.230       15.805
      16.257        0.000        3.230       15.805
      16.357        0.000        3.230       15.805
      16.457        0.000        3.230       15.805
      16.558        0.000        3.230       15.805
      16.658        0.000        3.230       15.805
      16.758        0.000        3.230       15.805
      16.859        0.000        3.230       15.805
      16.959        0.000        3.230       15.805
      17.059        0.000        3.230       15.805
      17.160        0.000        3.230       15.805
      17.260        0.000        3.230       15.805
      17.360        0.000        3.230       15.805
      17.461        0.000        3.230       15.805
      17.561        0.000        3.230       15.805
      17.661        0.000        3.230       15.805
      17.762        0.000        3.230       15.805
      17.862        0.000        3.230       15.805
      17.962        0.000        3.230       15.805
      18.063        0.000        3.230       15.805
      18.163        0.000        3.230       15.805
      18.263        0.000        3.230       15.805
      18.364        0.000        3.230       15.805
      18.464        0.000        3.230       15.805
      18.564        0.000        3.230       15.805
      18.665        0.000        3.230       15.805
      18.765        0.000        3.230       15.805
      18.865        0.000        3.230       15.805
      18.966        0.000        3.230       15.805
      19.066        0.000        3.230       15.805
      19.166        0.000        3.230       15.805
      19.267        0.000        3.230       15.805
      19.367        0.000        3.230       15.805
      19.467        0.000        3.230       15.805
      19.568        0.000        3.230       15.805
      19.668        0.000        3.230       15.805
      19.768        0.000        3.230       15.805
      19.869        0.000        3.230       15.805
      19.969        0.000        3.230       15.805
      20.069        0.000        3.230       15.805
      20.170        0.000        3.230       15.805
      20.270        0.000        3.230       15.805
      20.370        0.000        3.230       15.805
      20.471        0.000        3.230       15.805
      20.571        0.000        3.230       15.805
      20.671        0.000        3.230       15.805
      20.772        0.000        3.230       15.805
      20.872        0.000        3.230       15.805
      20.972        0.000        3.230       15.805
      21.073        0.000        3.230       15.805
      21.173        0.000        3.230       15.805
      21.273        0.000        3.230       15.805
      21.374        0.000        3.230       15.805
      21.474        0.000        3.230       15.805
      21.574        0.000        3.230       15.805
      21.675        0.000        3.230       15.805
      21.775        0.000        3.230       15.805
      21.875        0.000        3.230       15.805
      21.976        0.000        3.230       15.805
      22.076        0.000        3.230       15.805
      22.176        0.000        3.230       15.805
      22.277        0.000        3.230       15.805
      22.377        0.000        3.230       15.805
      22.477        0.000        3.230       15.805
      22.578        0.000        3.230       15.805
      22.678        0.000        3.230       15.805
      22.778        0.000        3.230       15.805
      22.879        0.000        3.230       15.805
      22.979        0.000        3.230       15.805
      23.079        0.000        3.230       15.805
      23.180        0.000        3.230       15.805
      23.280        0.000        3.230       15.805
      23.380        0.000        3.230       15.805
      23.481        0.000        3.230       15.805
      23.581        0.000        3.230       15.805
      23.682        0.000        3.230       15.805
      23.782        0.000        3.230       15.805
      23.882        0.000        3.230       15.805
      23.983        0.000        3.230       15.805
      24.083        0.000        3.230       15.805
      24.183        0.000        3.230       15.805
      24.284        0.000        3.230       15.805
      24.384        0.000        3.230       15.805
      24.484        0.000        3.230       15.805
      24.585        0.000        3.230       15.805
      24.685        0.000        3.230       15.805
      24.785        0.000        3.230       15.805
      24.886        0.000        3.230       15.805
      24.986        0.000        3.230       15.805
      25.086        0.000        3.230       15.805
      25.187        0.000        3.230       15.805
      25.287        0.000        3.230       15.805
      25.387        0.000        3.230       15.805
      25.488        0.000        3.230       15.805
      25.588        0.000        3.230       15.805
      25.688        0.000        3.230       15.805
      25.789        0.000        3.230       15.805
      25.889        0.000        3.230       15.805
      25.989        0.000        3.230       15.805
      26.090        0.000        3.230       15.805
      26.190        0.000        3.230       15.805
      26.290        0.000        3.230       15.805
      26.391        0.000        3.230       15.805
      26.491        0.000        3.230       15.805
      26.591        0.000        3.230       15.805
      26.692        0.000        3.230       15.805
      26.792        0.000        3.230       15.805
      26.892        0.000        3.230       15.805
      26.993        0.000        3.230       15.805
      27.093        0.000        3.230       15.805
      27.193        0.000        3.230       15.805
      27.294        0.000        3.230       15.805
      27.394        0.000        3.230       15.805
      27.494        0.000        3.230       15.805
      27.595        0.000        3.230       15.805
      27.695        0.000        3.230       15.805
      27.795        0.000        3.230       15.805
      27.896        0.000        3.230       15.805
      27.996        0.000        3.230       15.805
      28.096        0.000        3.230       15.805
      28.197        0.000        3.230       15.805
      28.297        0.000        3.230       15.805
      28.397        0.000        3.230       15.805
      28.498        0.000        3.230       15.805
      28.598        0.000        3.230       15.805
      28.699        0.000        3.230       15.805
      28.799        0.000        3.230       15.805
      28.899        0.000        3.230       15.805
      28.999        0.000        3.230       15.805
      29.100        0.000        3.230       15.805
      29.200        0.000        3.230       15.805
      29.300        0.000        3.230       15.805
      29.401        0.000        3.230       15.805
      29.501        0.000        3.230       15.805
      29.601        0.000        3.230       15.805
      29.702        0.000        3.230       15.805
      29.802        0.000        3.230       15.805
      29.902        0.000        3.230       15.805
      30.003        0.000        3.230       15.805
      30.103        0.000        3.230       15.805
      30.203        0.000        3.230       15.805
      30.304        0.000        3.230       15.805
      30.404        0.000        3.230       15.805
      30.504        0.000        3.230       15.805
      30.605        0.000        3.230       15.805
      30.705        0.000        3.230       15.805
      30.805        0.000        3.230       15.805
      30.906        0.000        3.230       15.805
      31.006        0.000        3.230       15.805
      31.106        0.000        3.230       15.805
      31.207        0.000        3.230       15.805
      31.307        0.000        3.230       15.805
      31.407        0.000        3.230       15.805
      31.508        0.000        3.230       15.805
      31.608        0.000        3.230       15.805
      31.709        0.000        3.230       15.805
      31.809        0.000        3.230       15.805
      31.909        0.000        3.230       15.805
      32.010        0.000        3.230       15.805
      32.110        0.000        3.230       15.805
      32.210        0.000        3.230       15.805
      32.311        0.000        3.230       15.805
      32.411        0.000        3.230       15.805
      32.511        0.000        3.230       15.805
      32.612        0.000        3.230       15.805
      32.712        0.000        3.230       15.805
      32.813        0.000        3.230       15.805
      32.913        0.000        3.230       15.805
      33.013        0.000        3.230       15.805
      33.114        0.000        3.230       15.805
      33.214        0.000        3.230       15.805
      33.314        0.000        3.230       15.805
      33.415        0.000        3.230       15.805
      33.515        0.000        3.230       15.805
      33.616        0.000        3.230       15.805
      33.716        0.000        3.230       15.805
      33.816        0.000        3.230       15.805
      33.917        0.000        3.230       15.805
      34.017        0.000        3.230       15.805
      34.117        0.000        3.230       15.805
      34.218        0.000        3.230       15.805
      34.318        0.000        3.230       15.805
      34.419        0.000        3.230       15.805
      34.519        0.000        3.230       15.805
      34.619        0.000        3.230       15.805
      34.720        0.000        3.230       15.805
      34.820        0.000        3.230       15.805
      34.920        0.000        3.230       15.805
      35.021        0.000        3.230       15.805
      35.121        0.000        3.230       15.805
      35.222        0.000        3.230       15.805
      35.322        0.000        3.230       15.805
      35.423        0.000        3.230       15.805
      35.523        0.000        3.230       15.805
      35.623        0.000        3.230       15.805
      35.724        0.000        3.230       15.805
      35.824        0.000        3.230       15.805
      35.924        0.000        3.230       15.805
      36.025        0.000        3.230       15.805
      36.125        0.000        3.230       15.805
      36.225        0.000        3.230       15.805
      36.326        0.000        3.230       15.805
      36.426        0.000        3.230       15.805
      36.526        0.000        3.230       15.805
      36.627        0.000        3.230       15.805
      36.727        0.000        3.230       15.805
      36.828        0.000        3.230       15.805
      36.928        0.000        3.230       15.805
      37.028        0.000        3.230       15.805
      37.129        0.000        3.230       15.805
      37.229        0.000        3.230       15.805
      37.329        0.000        3.230       15.805
      37.430        0.000        3.230       15.805
      37.530        0.000        3.230       15.805
      37.631        0.000        3.230       15.805
      37.731        0.000        3.230       15.805
      37.831        0.000        3.230       15.805
      37.932        0.000        3.230       15.805
      38.032        0.000        3.230       15.805
      38.132        0.000        3.230       15.805
      38.233        0.000        3.230       15.805
      38.333        0.000        3.230       15.805
      38.433        0.000        3.230       15.805
      38.534        0.000        3.230       15.805
      38.634        0.000        3.230       15.805
      38.734        0.000        3.230       15.805
      38.835        0.000        3.230       15.805
      38.935        0.000        3.230       15.805
      39.035        0.000        3.230       15.805
      39.136        0.000        3.230       15.805
      39.236        0.000        3.230       15.805
      39.337        0.000        3.230       15.805
      39.437        0.000        3.230       15.805
      39.537        0.000        3.230       15.805
      39.637        0.000        3.230       15.805
      39.738        0.000        3.230       15.805
      39.838        0.000        3.230       15.805
      39.939        0.000        3.230       15.805
      40.039        0.000        3.230       15.805
      40.139        0.000        3.230       15.805
      40.240        0.000        3.230       15.805
      40.340        0.000        3.230       15.805
      40.440        0.000        3.230       15.805
      40.541        0.000        3.230       15.805
      40.641        0.000        3.230       15.805
      40.742        0.000        3.230       15.805
      40.842        0.000        3.230       15.805
      40.942        0.000        3.230       15.805
      41.043        0.000        3.230       15.805
      41.143        0.000        3.230       15.805
      41.243        0.000        3.230       15.805
      41.344        0.000        3.230       15.805
      41.444        0.000        3.230       15.805
      41.545        0.000        3.230       15.805
      41.645        0.000        3.230       15.805
      41.745        0.000        3.230       15.805
      41.846        0.000        3.230       15.805
      41.946        0.000        3.230       15.805
      42.046        0.000        3.230       15.805
      42.147        0.000        3.230       15.805
      42.247        0.000        3.230       15.805
      42.347        0.000        3.230       15.805
      42.448        0.000        3.230       15.805
      42.548        0.000        3.230       15.805
      42.648        0.000        3.230       15.805
      42.749        0.000        3.230       15.805
      42.849        0.000        3.230       15.805
      42.949        0.000        3.230       15.805
      43.050        0.000        3.230       15.805
      43.150        0.000        3.230       15.805
      43.251        0.000        3.230       15.805
      43.351        0.000        3.230       15.805
      43.451        0.000        3.230       15.805
      43.552        0.000        3.230       15.805
      43.652        0.000        3.230       15.805
      43.752        0.000        3.230       15.805
      43.853        0.000        3.230       15.805
      43.953        0.000        3.230       15.805
      44.054        0.000        3.230       15.805
      44.154        0.000        3.230       15.805
      44.254        0.000        3.230       15.805
      44.355        0.000        3.230       15.805
      44.455        0.000        3.230       15.805
      44.556        0.000        3.230       15.805
      44.656        0.000        3.230       15.805
      44.756        0.000        3.230       15.805
      44.857        0.000        3.230       15.805
      44.957        0.000        3.230       15.805
      45.057        0.000        3.230       15.805
      45.158        0.000        3.230       15.805
      45.258        0.000        3.230       15.805
      45.359        0.000        3.230       15.805
      45.459        0.000        3.230       15.805
      45.559        0.000        3.230       15.805
      45.660        0.000        3.230       15.805
      45.760        0.000        3.230       15.805
      45.860        0.000        3.230       15.805
      45.961        0.000        3.230       15.805
      46.061        0.000        3.230       15.805
      46.162        0.000        3.230       15.805
      46.262        0.000        3.230       15.805
      46.362        0.000        3.230       15.805
      46.463        0.000        3.230       15.805
      46.563        0.000        3.230       15.805
      46.663        0.000        3.230       15.805
      46.764        0.000        3.230       15.805
      46.864        0.000        3.230       15.805
      46.964        0.000        3.230       15.805
      47.065        0.000        3.230       15.805
      47.165        0.000        3.230       15.805
      47.265        0.000        3.230       15.805
      47.366        0.000        3.230       15.805
      47.466        0.000        3.230       15.805
      47.567        0.000        3.230       15.805
      47.667        0.000        3.230       15.805
      47.767        0.000        3.230       15.805
      47.868        0.000        3.230       15.805
      47.968        0.000        3.230       15.805
      48.069        0.000        3.230       15.805
      48.169        0.000        3.230       15.805
      48.269        0.000        3.230       15.805
      48.370        0.000        3.230       15.805
      48.470        0.000        3.230       15.805
      48.570        0.000        3.230       15.805
      48.671        0.000        3.230       15.805
      48.771        0.000        3.230       15.805
      48.871        0.000        3.230       15.805
      48.972        0.000        3.230       15.805
      49.072        0.000        3.230       15.805
      49.172        0.000        3.230       15.805
      49.273        0.000        3.230       15.805
      49.373        0.000        3.230       15.805
      49.473        0.000        3.230       15.805
      49.574        0.000        3.230       15.805
      49.674        0.000        3.230       15.805
      49.774        0.000        3.230       15.805
      49.875        0.000        3.230       15.805
      49.975        0.000        3.230       15.805
      50.075        0.000        3.230       15.805
      50.176        0.000        3.230       15.805
      50.276        0.000        3.230       15.805
      50.376        0.000        3.230       15.805
      50.477        0.000        3.230       15.805
      50.577        0.000        3.230       15.805
      50.678        0.000        3.230       15.805
      50.778        0.000        3.230       15.805
      50.878        0.000        3.230       15.805
      50.979        0.000        3.230       15.805
      51.079        0.000        3.230       15.805
      51.179        0.000        3.230       15.805
      51.280        0.000        3.230       15.805
      51.380        0.000        3.230       15.805
      51.480        0.000        3.230       15.805
      51.581        0.000        3.230       15.805
      51.681        0.000        3.230       15.805
      51.781        0.000        3.230       15.805
      51.882        0.000        3.230       15.805
      51.982        0.000        3.230       15.805
      52.083        0.000        3.230       15.805
      52.183        0.000        3.230       15.805
      52.283        0.000        3.230       15.805
      52.384        0.000        3.230       15.805
      52.484        0.000        3.230       15.805
      52.585        0.000        3.230       15.805
      52.685        0.000        3.230       15.805
      52.785        0.000        3.230       15.805
      52.886        0.000        3.230       15.805
      52.987        0.000        3.230       15.805
      53.087        0.000        3.230       15.805
      53.188        0.000        3.230       15.805
      53.288        0.000        3.230       15.805
      53.388        0.000        3.230       15.805
      53.488        0.000        3.230       15.805
      53.589        0.000        3.230       15.805
      53.689        0.000        3.230       15.805
      53.789        0.000        3.230       15.805
      53.890        0.000        3.230       15.805
      53.990        0.000        3.230       15.805
      54.090        0.000        3.230       15.805
      54.191        0.000        3.230       15.805
      54.291        0.000        3.230       15.805
      54.391        0.000        3.230       15.805
      54.492        0.000        3.230       15.805
      54.592        0.000        3.230       15.805
      54.692        0.000        3.230       15.805
      54.793        0.000        3.230       15.805
      54.893        0.000        3.230       15.805
      54.993        0.000        3.230       15.805
      55.094        0.000        3.230       15.805
      55.194        0.000        3.230       15.805
      55.294        0.000        3.230       15.805
      55.395        0.000        3.230       15.805
      55.495        0.000        3.230       15.805
      55.595        0.000        3.230       15.805
      55.696        0.000        3.230       15.805
      55.796        0.000        3.230       15.805
      55.896        0.000        3.230       15.805
      55.996        0.000        3.230       15.805
      56.097        0.000        3.230       15.805
      56.197        0.000        3.230       15.805
      56.297        0.000        3.230       15.805
      56.398        0.000        3.230       15.805
      56.498        0.000        3.230       15.805
      56.598        0.000        3.230       15.805
      56.699        0.000        3.230       15.805
      56.799        0.000        3.230       15.805
      56.899        0.000        3.230       15.805
      57.000        0.000        3.230       15.805
      57.100        0.000        3.230       15.805
      57.200        0.000        3.230       15.805
      57.301        0.000        3.230       15.805
      57.401        0.000        3.230       15.805
      57.501        0.000        3.230       15.805
      57.602        0.000        3.230       15.805
      57.702        0.000        3.230       15.805
      57.802        0.000        3.230       15.805
      57.902        0.000        3.230       15.805
      58.003        0.000        3.230       15.805
      58.103        0.000        3.230       15.805
      58.204        0.000        3.230       15.805
      58.304        0.000        3.230       15.805
      58.404        0.000        3.230       15.805
      58.505        0.000        3.230       15.805
      58.605        0.000        3.230       15.805
      58.705        0.000        3.230       15.805
      58.805        0.000        3.230       15.805
      58.906        0.000        3.230       15.805
      59.006        0.000        3.230       15.805
      59.106        0.000        3.230       15.805
      59.207        0.000        3.230       15.805
      59.307        0.000        3.230       15.805
      59.408        0.000        3.230       15.805
      59.508        0.000        3.230       15.805
      59.608        0.000        3.230       15.805
      59.709        0.000        3.230       15.805
      59.809        0.000        3.230       15.805
      59.909        0.000        3.230       15.805
      60.010        0.000        3.230       15.805
      60.110        0.000        3.230       15.805
      60.211        0.000        3.230       15.805
      60.311        0.000        3.230       15.805
      60.411        0.000        3.230       15.805
      60.512        0.000        3.230       15.805
      60.612        0.000        3.230       15.805
      60.713        0.000        3.230       15.805
      60.813        0.000        3.230       15.805
      60.913        0.000        3.230       15.805
      61.014        0.000        3.230       15.805
      61.114        0.000        3.230       15.805
      61.214        0.000        3.230       15.805
      61.315        0.000        3.230       15.805
      61.415        0.000        3.230       15.805
      61.515        0.000        3.230       15.805
      61.616        0.000        3.230       15.805
      61.716        0.000        3.230       15.805
      61.816        0.000        3.230       15.805
      61.917        0.000        3.230       15.805
      62.017        0.000        3.230       15.805
      62.117        0.000        3.230       15.805
      62.218        0.000        3.230       15.805
      62.318        0.000        3.230       15.805
      62.419        0.000        3.230       15.805
      62.519        0.000        3.230       15.805
      62.619        0.000        3.230       15.805
      62.720        0.000        3.230       15.805
      62.820        0.000        3.230       15.805
      62.920        0.000        3.230       15.805
      63.021        0.000        3.230       15.805
      63.121        0.000        3.230       15.805
      63.221        0.000        3.230       15.805
      63.322        0.000        3.230       15.805
      63.422        0.000        3.230       15.805
      63.522        0.000        3.230       15.805
      63.623        0.000        3.230       15.805
      63.723        0.000        3.230       15.805
      63.823        0.000        3.230       15.805
      63.924        0.000        3.230       15.805
      64.024        0.000        3.230       15.805
      64.124        0.000        3.230       15.805
      64.225        0.000        3.230       15.805
      64.325        0.000        3.230       15.805
      64.426        0.000        3.230       15.805
      64.526        0.000        3.230       15.805
      64.627        0.000        3.230       15.805
      64.727        0.000        3.230       15.805
      64.827        0.000        3.230       15.805
      64.928        0.000        3.230       15.805
      65.028        0.000        3.230       15.805
      65.128        0.000        3.230       15.805
      65.228        0.000        3.230       15.805
      65.329        0.000        3.230       15.805
      65.429        0.000        3.230       15.805
      65.529        0.000        3.230       15.805
      65.630        0.000        3.230       15.805
      65.730        0.000        3.230       15.805
      65.830        0.000        3.230       15.805
      65.931        0.000        3.230       15.805
      66.031        0.000        3.230       15.805
      66.131        0.000        3.230       15.805
      66.232        0.000        3.230       15.805
      66.332        0.000        3.230       15.805
      66.433        0.000        3.230       15.805
      66.533        0.000        3.230       15.805
      66.633        0.000        3.230       15.805
      66.734        0.000        3.230       15.805
      66.834        0.000        3.230       15.805
      66.934        0.000        3.230       15.805
      67.035        0.000        3.230       15.805
      67.135        0.000        3.230       15.805
      67.236        0.000        3.230       15.805
      67.336        0.000        3.230       15.805
      67.437        0.000        3.230       15.805
      67.537        0.000        3.230       15.805
      67.637        0.000        3.230       15.805
      67.738        0.000        3.230       15.805
      67.838        0.000        3.230       15.805
      67.938        0.000        3.230       15.805
      68.038        0.000        3.230       15.805
      68.139        0.000        3.230       15.805
      68.239        0.000        3.230       15.805
      68.340        0.000        3.230       15.805
      68.440        0.000        3.230       15.805
      68.540        0.000        3.230       15.805
      68.640        0.000        3.230       15.805
      68.741        0.000        3.230       15.805
      68.841        0.000        3.230       15.805
      68.942        0.000        3.230       15.805
      69.042        0.000        3.230       15.805
      69.142        0.000        3.230       15.805
      69.243        0.000        3.230       15.805
      69.343        0.000        3.230       15.805
      69.444        0.000        3.230       15.805
      69.544        0.000        3.230       15.805
      69.644        0.000        3.230       15.805
      69.745        0.000        3.230       15.805
      69.845        0.000        3.230       15.805
      69.945        0.000        3.230       15.805
      70.046        0.000        3.230       15.805
      70.146        0.000        3.230       15.805
      70.246        0.000        3.230       15.805
      70.347        0.000        3.230       15.805
      70.447        0.000        3.230       15.805
      70.548        0.000        3.230       15.805
      70.648        0.000        3.230       15.805
      70.748        0.000        3.230       15.805
      70.848        0.000        3.230       15.805
      70.949        0.000        3.230       15.805
      71.049        0.000        3.230       15.805
      71.150        0.000        3.230       15.805
      71.250        0.000        3.230       15.805
      71.350        0.000        3.230       15.805
      71.451        0.000        3.230       15.805
      71.551        0.000        3.230       15.805
      71.651        0.000        3.230       15.805
      71.752        0.000        3.230       15.805
      71.852        0.000        3.230       15.805
      71.952        0.000        3.230       15.805
      72.053        0.000        3.230       15.805
      72.153        0.000        3.230       15.805
      72.254        0.000        3.230       15.805
      72.354        0.000        3.230       15.805
      72.454        0.000        3.230       15.805
      72.555        0.000        3.230       15.805
      72.655        0.000        3.230       15.805
      72.755        0.000        3.230       15.805
      72.856        0.000        3.230       15.805
      72.956        0.000        3.230       15.805
      73.057        0.000        3.230       15.805
      73.157        0.000        3.230       15.805
      73.257        0.000        3.230       15.805
      73.358        0.000        3.230       15.805
      73.458        0.000        3.230       15.805
      73.558        0.000        3.230       15.805
      73.659        0.000        3.230       15.805
      73.759        0.000        3.230       15.805
      73.860        0.000        3.230       15.805
      73.960        0.000        3.230       15.805
      74.060        0.000        3.230       15.805
      74.161        0.000        3.230       15.805
      74.261        0.000        3.230       15.805
      74.362        0.000        3.230       15.805
      74.462        0.000        3.230       15.805
      74.562        0.000        3.230       15.805
      74.663        0.000        3.230       15.805
      74.763        0.000        3.230       15.805
      74.863        0.000        3.230       15.805
      74.964        0.000        3.230       15.805
      75.064        0.000        3.230       15.805
      75.164        0.000        3.230       15.805
      75.265        0.000        3.230       15.805
      75.365        0.000        3.230       15.805
      75.466        0.000        3.230       15.805
      75.566        0.000        3.230       15.805
      75.666        0.000        3.230       15.805
      75.767        0.000        3.230       15.805
      75.867        0.000        3.230       15.805
      75.967        0.000        3.230       15.805
      76.068        0.000        3.230       15.805
      76.168        0.000        3.230       15.805
      76.268        0.000        3.230       15.805
      76.369        0.000        3.230       15.805
      76.469        0.000        3.230       15.805
      76.569        0.000        3.230       15.805
      76.670        0.000        3.230       15.805
      76.770        0.000        3.230       15.805
      76.870        0.000        3.230       15.805
      76.971        0.000        3.230       15.805
      77.071        0.000        3.230       15.805
      77.171        0.000        3.230       15.805
      77.272        0.000        3.230       15.805
      77.372        0.000        3.230       15.805
      77.472        0.000        3.230       15.805
      77.573        0.000        3.230       15.805
      77.673        0.000        3.230       15.805
      77.773        0.000        3.230       15.805
      77.874        0.000        3.230       15.805
      77.974        0.000        3.230       15.805
      78.074        0.000        3.230       15.805
      78.175        0.000        3.230       15.805
      78.275        0.000        3.230       15.805
      78.375        0.000        3.230       15.805
      78.476        0.000        3.230       15.805
      78.576        0.000        3.230       15.805
      78.676        0.000        3.230       15.805
      78.777        0.000        3.230       15.805
      78.877        0.000        3.230       15.805
      78.978        0.000        3.230       15.805
      79.078        0.000        3.230       15.805
      79.178        0.000        3.230       15.805
      79.279        0.000        3.230       15.805
      79.379        0.000        3.230       15.805
      79.479        0.000        3.230       15.805
      79.580        0.000        3.230       15.805
      79.680        0.000        3.230       15.805
      79.781        0.000        3.230       15.805
      79.881        0.000        3.230       15.805
      79.981        0.000        3.230       15.805
      80.082        0.000        3.230       15.805
      80.182        0.000        3.230       15.805
      80.282        0.000        3.230       15.805
      80.383        0.000        3.230       15.805
      80.483        0.000        3.230       15.805
      80.584        0.000        3.230       15.805
      80.684        0.000        3.230       15.805
      80.784        0.000        3.230       15.805
      80.885        0.000        3.230       15.805
      80.985        0.000        3.230       15.805
      81.086        0.000        3.230       15.805
      81.186        0.000        3.230       15.805
      81.286        0.000        3.230       15.805
      81.387        0.000        3.230       15.805
      81.487        0.000        3.230       15.805
      81.587        0.000        3.230       15.805
      81.688        0.000        3.230       15.805
      81.788        0.000        3.230       15.805
      81.888        0.000        3.230       15.805
      81.989        0.000        3.230       15.805
      82.089        0.000        3.230       15.805
      82.189        0.000        3.230       15.805
      82.290        0.000        3.230       15.805
      82.390        0.000        3.230       15.805
      82.490        0.000        3.230       15.805
      82.591        0.000        3.230       15.805
      82.691        0.000        3.230       15.805
      82.791        0.000        3.230       15.805
      82.892        0.000        3.230       15.805
      82.992        0.000        3.230       15.805
      83.092        0.000        3.230       15.805
      83.193        0.000        3.230       15.805
      83.293        0.000        3.230       15.805
      83.393        0.000        3.230       15.805
      83.494        0.000        3.230       15.805
      83.594        0.000        3.230       15.805
      83.694        0.000        3.230       15.805
      83.795        0.000        3.230       15.805
      83.895        0.000        3.230       15.805
      83.995        0.000        3.230       15.805
      84.096        0.000        3.230       15.805
      84.196        0.000        3.230       15.805
      84.296        0.000        3.230       15.805
      84.397        0.000        3.230       15.805
      84.497        0.000        3.230       15.805
      84.597        0.000        3.230       15.805
      84.698        0.000        3.230       15.805
      84.798        0.000        3.230       15.805
      84.898        0.000        3.230       15.805
      84.999        0.000        3.230       15.805
      85.099        0.000        3.230       15.805
      85.199        0.000        3.230       15.805
      85.300        0.000        3.230       15.805
      85.400        0.000        3.230       15.805
      85.500        0.000        3.230       15.805
      85.601        0.000        3.230       15.805
      85.701        0.000        3.230       15.805
      85.801        0.000        3.230       15.805
      85.902        0.000        3.230       15.805
      86.002        0.000        3.230       15.805
      86.102        0.000        3.230       15.805
      86.203        0.000        3.230       15.805
      86.303        0.000        3.230       15.805
      86.403        0.000        3.230       15.805
      86.504        0.000        3.230       15.805
      86.604        0.000        3.230       15.805
      86.704        0.000        3.230       15.805
      86.805        0.000        3.230       15.805
      86.905        0.000        3.230       15.805
      87.005        0.000        3.230       15.805
      87.106        0.000        3.230       15.805
      87.206        0.000        3.230       15.805
      87.306        0.000        3.230       15.805
      87.407        0.000        3.230       15.805
      87.507        0.000        3.230       15.805
      87.607        0.000        3.230       15.805
      87.708        0.000        3.230       15.805
      87.808        0.000        3.230       15.805
      87.908        0.000        3.230       15.805
      88.009        0.000        3.230       15.805
      88.109        0.000        3.230       15.805
      88.209        0.000        3.230       15.805
      88.310        0.000        3.230       15.805
      88.410        0.000        3.230       15.805
      88.511        0.000        3.230       15.805
      88.611        0.000        3.230       15.805
      88.711        0.000        3.230       15.805
      88.812        0.000        3.230       15.805
      88.912        0.000        3.230       15.805
      89.012        0.000        3.230       15.805
      89.113        0.000        3.230       15.805
      89.213        0.000        3.230       15.805
      89.314        0.000        3.230       15.805
      89.414        0.000        3.230       15.805
      89.514        0.000        3.230       15.805
      89.615        0.000        3.230       15.805
      89.715        0.000        3.230       15.805
      89.815        0.000        3.230       15.805
      89.916        0.000        3.230       15.805
      90.016        0.000        3.230       15.805
      90.116        0.000        3.230       15.805
      90.217        0.000        3.230       15.805
      90.317        0.000        3.230       15.805
      90.418        0.000        3.230       15.805
      90.518        0.000        3.230       15.805
      90.618        0.000        3.230       15.805
      90.719        0.000        3.230       15.805
      90.819        0.000        3.230       15.805
      90.919        0.000        3.230       15.805
      91.020        0.000        3.230       15.805
      91.120        0.000        3.230       15.805
      91.220        0.000        3.230       15.805
      91.321        0.000        3.230       15.805
      91.421        0.000        3.230       15.805
      91.521        0.000        3.230       15.805
      91.622        0.000        3.230       15.805
      91.722        0.000        3.230       15.805
      91.822        0.000        3.230       15.805
      91.923        0.000        3.230       15.805
      92.023        0.000        3.230       15.805
      92.123        0.000        3.230       15.805
      92.224        0.000        3.230       15.805
      92.324        0.000        3.230       15.805
      92.424        0.000        3.230       15.805
      92.525        0.000        3.230       15.805
      92.625        0.000        3.230       15.805
      92.725        0.000        3.230       15.805
      92.826        0.000        3.230       15.805
      92.926        0.000        3.230       15.805
      93.026        0.000        3.230       15.805
      93.127        0.000        3.230       15.805
      93.227        0.000        3.230       15.805
      93.327        0.000        3.230       15.805
      93.428        0.000        3.230       15.805
      93.528        0.000        3.230       15.805
      93.628        0.000        3.230       15.805
      93.729        0.000        3.230       15.805
      93.829        0.000        3.230       15.805
      93.929        0.000        3.230       15.805
      94.030        0.000        3.230       15.805
      94.130        0.000        3.230       15.805
      94.230        0.000        3.230       15.805
      94.331        0.000        3.230       15.805
      94.431        0.000        3.230       15.805
      94.531        0.000        3.230       15.805
      94.632        0.000        3.230       15.805
      94.732        0.000        3.230       15.805
      94.832        0.000        3.230       15.805
      94.933        0.000        3.230       15.805
      95.033        0.000        3.230       15.805
      95.134        0.000        3.230       15.805
      95.234        0.000        3.230       15.805
      95.334        0.000        3.230       15.805
      95.435        0.000        3.230       15.805
      95.535        0.000        3.230       15.805
      95.635        0.000        3.230       15.805
      95.736        0.000        3.230       15.805
      95.836        0.000        3.230       15.805
      95.936        0.000        3.230       15.805
      96.037        0.000        3.230       15.805
      96.137        0.000        3.230       15.805
      96.237        0.000        3.230       15.805
      96.338        0.000        3.230       15.805
      96.438        0.000        3.230       15.805
      96.538        0.000        3.230       15.805
      96.639        0.000        3.230       15.805
      96.739        0.000        3.230       15.805
      96.840        0.000        3.230       15.805
      96.940        0.000        3.230       15.805
      97.040        0.000        3.230       15.805
      97.141        0.000        3.230       15.805
      97.241        0.000        3.230       15.805
      97.341        0.000        3.230       15.805
      97.442        0.000        3.230       15.805
      97.542        0.000        3.230       15.805
      97.642        0.000        3.230       15.805
      97.743        0.000        3.230       15.805
      97.843        0.000        3.230       15.805
      97.944        0.000        3.230       15.805
      98.045        0.000        3.230       15.805
      98.146        0.000        3.230       15.805
      98.246        0.000        3.230       15.805
      98.346        0.000        3.230       15.805
      98.446        0.000        3.230       15.805
      98.547        0.000        3.230       15.805
      98.647        0.000        3.230       15.805
      98.747        0.000        3.230       15.805
      98.848        0.000        3.230       15.805
      98.948        0.000        3.230       15.805
      99.048        0.000        3.230       15.805
      99.149        0.000        3.230       15.805
      99.249        0.000        3.230       15.805
      99.349        0.000        3.230       15.805
      99.450        0.000        3.230       15.805
      99.550        0.000        3.230       15.805
      99.650        0.000        3.230       15.805
      99.751        0.000        3.230       15.805
      99.851        0.000        3.230       15.805
      99.951        0.000        3.230       15.805
