# Elapsed time   CPU (%)     Real (MB)   Virtual (MB)
       0.000        0.000        4.543       56.453
       0.101        0.000        4.543       56.453
       0.201        0.000        4.543       56.453
       0.301        0.000        4.543       56.453
       0.402        0.000        4.543       56.453
       0.502        0.000        4.543       56.453
       0.602        0.000        4.543       56.453
       0.703        0.000        4.543       56.453
       0.803       10.000        4.543       56.453
       0.904        0.000        4.543       56.453
       1.004        0.000        4.543       56.453
       1.105        0.000        4.543       56.453
       1.205        0.000        4.543       56.453
       1.305        0.000        4.543       56.453
       1.406        0.000        4.543       56.453
       1.507        0.000        4.543       56.453
       1.607        0.000        4.543       56.453
       1.708        0.000        4.543       56.453
       1.808       19.900        4.543       56.453
       1.909        0.000        4.543       56.453
       2.009        0.000        4.543       56.453
       2.110        0.000        4.543       56.453
       2.210        0.000        4.543       56.453
       2.311        0.000        4.543       56.453
       2.411        0.000        4.543       56.453
       2.512        0.000        4.543       56.453
       2.613        0.000        4.543       56.453
       2.713        0.000        4.543       56.453
       2.814        9.900        4.543       56.453
       2.914        0.000        4.543       56.453
       3.015        0.000        4.543       56.453
       3.115        0.000        4.543       56.453
       3.216        0.000        4.543       56.453
       3.316        0.000        4.566       56.703
       3.417       10.000        4.543       56.703
       3.517        0.000        4.543       56.703
       3.618        0.000        4.543       56.703
       3.719        0.000        4.543       56.703
       3.819        9.900        4.543       56.453
       3.920        0.000        4.543       56.453
       4.020        0.000        4.543       56.453
       4.121        0.000        4.543       56.453
       4.221        0.000        4.543       56.453
       4.322        9.900        4.543       56.703
       4.422        9.900        4.543       56.703
       4.523        0.000        4.543       56.703
       4.624        0.000        4.543       56.703
       4.724        0.000        4.543       56.703
       4.825       10.000        4.543       56.453
       4.925        0.000        4.543       56.453
       5.026        0.000        4.543       56.453
       5.126        0.000        4.543       56.453
       5.227        0.000        4.543       56.453
       5.327       10.000        4.543       56.703
       5.428        0.000        4.543       56.703
       5.528        0.000        4.543       56.703
       5.629        0.000        4.543       56.703
       5.729        0.000        4.543       56.703
       5.830       19.900        4.582       56.703
       5.930       10.000        4.543       56.703
       6.031        0.000        4.543       56.703
       6.131        0.000        4.543       56.703
       6.232        0.000        4.543       56.703
       6.332       19.900        4.543       56.703
       6.433        0.000        4.566       56.703
       6.533        0.000        4.566       56.703
       6.634        0.000        4.566       56.703
       6.734        0.000        4.566       56.703
       6.835       10.000        4.543       57.203
       6.935       19.900        4.543       56.703
       7.036        0.000        4.543       56.703
       7.136        0.000        4.543       56.703
       7.237        0.000        4.543       56.703
       7.338        9.900        4.543       56.453
       7.438        9.900        4.543       56.703
       7.539        0.000        4.543       56.703
       7.639        0.000        4.543       56.703
       7.740        0.000        4.543       56.703
       7.840        9.900        4.543       56.703
       7.941       19.900        4.543       56.453
       8.041        0.000        4.543       56.453
       8.142        0.000        4.543       56.453
       8.243        0.000        4.543       56.453
       8.343       10.000        4.543       56.703
       8.444       10.000        4.543       56.703
       8.544        9.900        4.543       56.703
       8.645        0.000        4.543       56.703
       8.745        0.000        4.543       56.703
       8.846       19.900        4.543       56.703
       8.946       10.000        4.543       56.453
       9.046        0.000        4.543       56.453
       9.147        0.000        4.543       56.453
       9.248        0.000        4.543       56.453
       9.348       19.900        4.543       56.453
       9.449       10.000        4.566       56.703
       9.549       10.000        4.543       56.703
       9.649        0.000        4.543       56.703
       9.750        0.000        4.543       56.703
       9.851       10.000        4.582       56.703
       9.951       19.900        4.543       56.703
      10.051        0.000        4.543       56.703
      10.152        0.000        4.543       56.703
      10.253        0.000        4.543       56.703
      10.353       10.000        4.543       56.703
      10.453       10.000        4.570       56.703
      10.554        9.900        4.543       56.703
      10.654        0.000        4.543       56.703
      10.755        0.000        4.543       56.703
      10.856       10.000        4.543       56.703
      10.956       29.900        4.543       56.703
      11.056       10.000        4.543       56.703
      11.157        0.000        4.543       56.703
      11.257        0.000        4.543       56.703
      11.358        9.900        4.543       56.703
      11.458        9.900        4.543       56.703
      11.559       10.000        4.543       56.703
      11.659        0.000        4.543       56.703
      11.759        0.000        4.543       56.703
      11.860       19.900        4.543       56.703
      11.961       19.900        4.543       56.703
      12.061        0.000        4.543       56.703
      12.162        0.000        4.543       56.703
      12.262        0.000        4.543       56.703
      12.363        9.900        4.543       56.453
      12.463       19.900        4.543       56.703
      12.564        9.900        4.543       56.453
      12.664        0.000        4.543       56.453
      12.765        0.000        4.543       56.453
      12.865       19.900        4.543       56.703
      12.966        9.900        4.543       56.703
      13.066       10.000        4.543       56.703
      13.167        0.000        4.543       56.703
      13.268        0.000        4.543       56.703
      13.368       10.000        4.543       56.703
      13.468       19.900        4.543       56.703
      13.569       19.900        4.543       56.703
      13.669        0.000        4.543       56.703
      13.770        0.000        4.543       56.703
      13.870       19.900        4.543       56.953
      13.971       19.900        4.543       56.703
      14.071       10.000        4.543       56.453
      14.172        0.000        4.543       56.703
      14.272        0.000        4.543       56.703
      14.373       10.000        4.543       56.953
      14.473       19.900        4.543       56.453
      14.574       19.900        4.559       56.703
      14.674        0.000        4.543       56.453
      14.775        0.000        4.543       56.453
      14.875       19.900        4.570       56.703
      14.976        9.900        4.543       56.703
      15.077       19.900        4.543       56.703
      15.177        0.000        4.543       56.703
      15.278        0.000        4.543       56.703
      15.378       10.000        4.543       56.453
      15.478       19.900        4.543       56.703
      15.579        9.900        4.543       56.703
      15.679        0.000        4.543       56.703
      15.780       10.000        4.543       56.703
      15.880       19.900        4.543       56.703
      15.981       19.900        4.570       56.703
      16.081        9.900        4.543       56.453
      16.182       10.000        4.566       56.703
      16.282        0.000        4.566       56.703
      16.383       19.900        4.543       56.703
      16.483       19.900        4.543       56.453
      16.584       10.000        4.543       56.703
      16.684        0.000        4.543       56.703
      16.785        0.000        4.543       56.703
      16.885       19.900        4.805       57.234
      16.985       19.900        4.805       57.234
      17.086       10.000        4.805       57.234
      17.186       10.000        4.805       57.234
      17.287        0.000        4.805       57.234
      17.387       19.900        4.805       57.234
      17.488       19.900        4.805       57.234
      17.588        0.000        4.805       57.234
      17.689        0.000        4.805       57.234
      17.789        0.000        4.805       57.234
      17.890       29.900        4.855       57.234
      17.990       10.000        4.855       57.484
      18.090       19.900        4.855       57.484
      18.191       10.000        4.855       57.484
      18.291        0.000        4.855       57.484
      18.392       19.900        4.855       57.484
      18.492       10.000        4.855       57.484
      18.593       19.900        4.855       57.484
      18.693       10.000        4.855       57.484
      18.794       10.000        4.855       57.484
      18.894       10.000        4.914       57.484
      18.995       19.900        4.914       57.484
      19.095        9.900        4.914       57.484
      19.196       10.000        4.914       57.484
      19.296        0.000        4.914       57.484
      19.397       19.900        4.914       57.484
      19.497       10.000        4.914       57.484
      19.598       19.900        4.914       57.484
      19.698       10.000        4.914       57.484
      19.799        0.000        4.914       57.484
      19.899       19.900        4.914       57.234
      19.999       19.900        4.914       57.484
      20.100        9.900        4.914       57.484
      20.200       10.000        4.914       57.484
      20.301        0.000        4.914       57.484
      20.401       10.000        4.914       57.484
      20.501       19.900        4.914       57.484
      20.602       19.900        4.914       57.484
      20.702       10.000        4.914       57.484
      20.803        0.000        4.914       57.484
      20.904        9.900        4.914       57.484
      21.004        9.900        4.914       57.484
      21.105        9.900        4.914       57.484
      21.205        9.900        4.914       57.484
      21.306       19.900        4.914       57.484
      21.406       10.000        4.914       57.484
      21.507       19.900        4.914       57.484
      21.607       10.000        4.914       57.484
      21.707       10.000        4.914       57.484
      21.808        0.000        4.914       57.484
      21.908        9.900        4.914       57.484
      22.009       10.000        4.914       57.484
      22.109       19.900        4.914       57.234
      22.210       19.900        4.914       57.484
      22.310        0.000        4.914       57.484
      22.410       10.000        4.914       57.484
      22.511       19.900        4.914       57.484
      22.611        9.900        4.914       57.484
      22.712       10.000        4.914       57.484
      22.812       10.000        4.914       57.484
      22.912       10.000        4.914       57.484
      23.013       10.000        4.914       57.484
      23.113       10.000        4.914       57.484
      23.214       19.900        4.914       57.484
      23.314        0.000        4.914       57.484
      23.415       10.000        4.914       57.484
      23.515       10.000        4.914       57.484
      23.615       10.000        4.914       57.484
      23.715       19.900        4.914       57.484
      23.816        9.900        4.914       57.484
      23.917       10.000        4.914       57.484
      24.017       19.900        4.914       57.484
      24.117       10.000        4.914       57.484
      24.217       10.000        4.914       57.484
      24.318        0.000        4.859       57.031
      24.418       10.000        4.859       57.281
      24.518       10.000        4.859       57.281
      24.619       10.000        4.859       57.281
      24.719       19.900        4.859       57.281
      24.819       10.000        4.859       57.281
      24.920        9.900        4.859       57.281
      25.020       10.000        4.859       57.281
      25.121       10.000        4.859       57.281
      25.221       10.000        4.859       57.281
      25.322        9.900        4.859       57.281
      25.422        9.900        4.859       57.281
      25.523       10.000        4.859       57.281
      25.623       10.000        4.859       57.281
      25.723       19.900        4.859       57.281
      25.824        0.000        4.859       57.281
      25.924       19.900        4.859       57.281
      26.025       10.000        4.859       57.281
      26.125        9.900        4.859       57.281
      26.226       10.000        4.859       57.281
      26.326       10.000        4.859       57.281
      26.426       10.000        4.859       57.281
      26.527       19.900        4.859       57.281
      26.627       19.900        4.859       57.281
      26.727       10.000        4.859       57.281
      26.828        0.000        4.859       57.281
      26.928        0.000        4.859       57.281
      27.029       19.900        4.859       57.281
      27.129       10.000        4.859       57.281
      27.230       10.000        4.859       57.281
      27.330       19.900        4.859       57.281
      27.430        0.000        4.859       57.281
      27.531       19.900        4.859       57.281
      27.631       10.000        4.859       57.281
      27.732       19.900        4.859       57.281
      27.832       10.000        4.859       57.281
      27.933        0.000        4.859       57.281
      28.033       10.000        4.859       57.281
      28.134       19.900        4.859       57.281
      28.234       19.900        4.859       57.281
      28.334       10.000        4.859       57.281
      28.435        0.000        4.859       57.281
      28.535        0.000        4.859       57.281
      28.635       19.900        4.859       57.281
      28.736       10.000        4.859       57.281
      28.836       19.900        4.859       57.281
      28.937       10.000        4.859       57.281
      29.037        9.900        4.859       57.281
      29.138        9.900        4.859       57.281
      29.238       10.000        4.859       57.281
      29.339       10.000        4.859       57.281
      29.439       19.900        4.859       57.281
      29.540        0.000        4.859       57.281
      29.640        9.900        4.859       57.281
      29.741       19.900        4.859       57.281
      29.841       10.000        4.859       57.281
      29.941       10.000        4.859       57.281
      30.041       10.000        4.859       57.281
      30.142       20.000        4.859       57.281
      30.242       10.000        4.859       57.281
      30.343        9.900        4.859       57.281
      30.443       10.000        4.859       57.281
      30.543        0.000        4.859       57.281
      30.644       19.900        4.859       57.281
      30.744       10.000        4.859       57.281
      30.845       19.900        4.859       57.281
      30.945        0.000        4.859       57.281
      31.045       19.900        4.859       57.281
      31.146        0.000        4.859       57.281
      31.246       19.900        4.859       57.281
      31.347       19.900        4.859       57.281
      31.447       10.000        4.859       57.281
      31.547       10.000        4.859       57.281
      31.648       10.000        4.859       57.281
      31.748       19.900        4.859       57.281
      31.848       10.000        4.859       57.281
      31.949       10.000        4.859       57.281
      32.049        0.000        4.859       57.281
      32.150        9.900        4.859       57.281
      32.250       19.900        4.859       57.281
      32.351       10.000        4.859       57.281
      32.451       19.900        4.859       57.281
      32.551       10.000        4.859       57.281
      32.652       10.000        4.859       57.281
      32.752       10.000        4.859       57.281
      32.853       10.000        4.859       57.281
      32.953        9.900        4.859       57.281
      33.054       10.000        4.859       57.281
      33.154       19.900        4.859       57.281
      33.254       10.000        4.859       57.281
      33.355        9.900        4.859       57.281
      33.455       10.000        4.859       57.281
      33.556       10.000        4.859       57.281
      33.656        0.000        4.859       57.281
      33.756       19.900        4.859       57.281
      33.857       10.000        4.836       57.258
      33.957       10.000        4.836       57.258
      34.058        9.900        4.836       57.258
      34.158       10.000        4.836       57.258
      34.259       19.900        4.836       57.258
      34.359       19.900        4.836       57.258
      34.460        0.000        4.836       57.258
      34.560        9.900        4.836       57.258
      34.661       10.000        4.836       57.258
      34.761       10.000        4.836       57.258
      34.861       19.900        4.836       57.258
      34.962       10.000        4.836       57.258
      35.062       10.000        4.836       57.258
      35.162       10.000        4.836       57.258
      35.263       10.000        4.836       57.258
      35.363       10.000        4.836       57.258
      35.463       19.900        4.836       57.258
      35.564        0.000        4.836       57.258
      35.664       10.000        4.836       57.258
      35.765       10.000        4.836       57.258
      35.865       10.000        4.836       57.258
      35.965       19.900        4.836       57.258
      36.066        9.900        4.836       57.258
      36.166        9.900        4.836       57.258
      36.267       10.000        4.836       57.258
      36.367       10.000        4.836       57.258
      36.468       10.000        4.836       57.258
      36.568       10.000        4.836       57.258
      36.669       19.900        4.836       57.258
      36.769       10.000        4.836       57.258
      36.870       19.900        4.836       57.258
      36.970        0.000        4.836       57.258
      37.071        9.900        4.836       57.258
      37.171        0.000        4.836       57.258
      37.272       19.900        4.836       57.258
      37.372       10.000        4.836       57.258
      37.472       10.000        4.836       57.258
      37.573        9.900        4.836       57.258
      37.673       10.000        4.836       57.008
      37.774       19.900        4.836       57.258
      37.874       19.900        4.836       57.258
      37.975        9.900        4.836       57.258
      38.075        0.000        4.836       57.258
      38.175       10.000        4.836       57.258
      38.276       10.000        4.836       57.008
      38.376       19.900        4.836       57.258
      38.476        0.000        4.836       57.258
      38.577       10.000        4.836       57.258
      38.677       19.900        4.836       57.258
      38.778        0.000        4.836       57.258
      38.878       19.900        4.836       57.258
      38.978       10.000        4.836       57.258
      39.079        9.900        4.836       57.258
      39.180       10.000        4.836       57.258
      39.280       10.000        4.836       57.258
      39.380       19.900        4.836       57.258
      39.481       19.900        4.836       57.258
      39.581       10.000        4.836       57.258
      39.682        0.000        4.836       57.258
      39.782       10.000        4.836       57.258
      39.883       19.900        4.836       57.258
      39.983        9.900        4.836       57.258
      40.084        9.900        4.836       57.258
      40.184       10.000        4.836       57.258
      40.285       10.000        4.836       57.258
      40.385       10.000        4.836       57.258
      40.485       19.900        4.836       57.258
      40.586       10.000        4.836       57.258
      40.686        0.000        4.836       57.258
      40.786       10.000        4.836       57.258
      40.887       19.900        4.836       57.258
      40.987       10.000        4.836       57.258
      41.088       10.000        4.836       57.258
      41.188        0.000        4.836       57.258
      41.289       10.000        4.836       57.258
      41.389       10.000        4.836       57.258
      41.489       19.900        4.836       57.258
      41.590       10.000        4.836       57.258
      41.690       10.000        4.836       57.258
      41.791       10.000        4.836       57.258
      41.891       10.000        4.836       57.258
      41.992       19.900        4.836       57.258
      42.092        9.900        4.836       57.258
      42.193       10.000        4.836       57.258
      42.293        9.900        4.836       57.258
      42.394        9.900        4.836       57.258
      42.494       19.900        4.836       57.258
      42.595       10.000        4.836       57.258
      42.695       10.000        4.836       57.258
      42.795        0.000        4.836       57.258
      42.896       19.900        4.836       57.258
      42.996       19.900        4.836       57.258
      43.097        9.900        4.836       57.258
      43.197        9.900        4.836       57.258
      43.298       10.000        4.836       57.258
      43.398       10.000        4.836       57.258
      43.498       10.000        4.836       57.258
      43.599       10.000        4.836       57.258
      43.699       10.000        4.836       57.258
      43.799       19.900        4.836       57.258
      43.900        0.000        4.836       57.258
      44.000       10.000        4.836       57.258
      44.100       10.000        4.836       57.258
      44.201       10.000        4.836       57.258
      44.301       19.900        4.836       57.258
      44.402       10.000        4.836       57.258
      44.502       19.900        4.836       57.258
      44.602       10.000        4.836       57.258
      44.703       10.000        4.836       57.258
      44.803       10.000        4.836       57.258
      44.903        0.000        4.836       57.258
      45.004       19.900        4.836       57.258
      45.104       10.000        4.836       57.258
      45.204       10.000        4.836       57.258
      45.305        9.900        4.836       57.258
      45.406       10.000        4.836       57.258
      45.506       19.900        4.836       57.258
      45.606       10.000        4.836       57.258
      45.707        0.000        4.836       57.258
      45.807       10.000        4.836       57.258
      45.908       19.900        4.836       57.258
      46.008       10.000        4.836       57.258
      46.108       10.000        4.836       57.258
      46.208       10.000        4.836       57.258
      46.309        9.900        4.836       57.258
      46.409       10.000        4.836       57.258
      46.510       10.000        4.836       57.258
      46.610       10.000        4.836       57.258
      46.711       19.900        4.836       57.258
      46.811       10.000        4.836       57.258
      46.911       19.900        4.836       57.258
      47.012        9.900        4.836       57.258
      47.112        9.900        4.836       57.258
      47.213       19.900        4.836       57.258
      47.313        0.000        4.836       57.258
      47.414       10.000        4.836       57.258
      47.514       10.000        4.836       57.258
      47.615       10.000        4.836       57.258
      47.715       19.900        4.836       57.258
      47.815       10.000        4.836       57.258
      47.916       10.000        4.836       57.258
      48.016       19.900        4.836       57.258
      48.116       10.000        4.836       57.258
      48.217       10.000        4.836       57.258
      48.317       10.000        4.836       57.258
      48.417        0.000        4.836       57.008
      48.518       19.900        4.836       57.258
      48.618        9.900        4.836       57.258
      48.719       10.000        4.836       57.258
      48.819       10.000        4.836       57.258
      48.920        0.000        4.836       57.258
      49.020       19.900        4.836       57.258
      49.121        9.900        4.836       57.258
      49.221       19.900        4.836       57.258
      49.322       10.000        4.836       57.258
      49.422       10.000        4.836       57.258
      49.522       10.000        4.836       57.258
      49.623       19.900        4.836       57.258
      49.723       10.000        4.836       57.258
      49.824       10.000        4.836       57.258
      49.924       10.000        4.836       57.258
      50.024       10.000        4.836       57.258
      50.125       19.900        4.836       57.258
      50.225       10.000        4.836       57.258
      50.326       10.000        4.836       57.258
      50.426        9.900        4.836       57.258
      50.527        9.900        4.836       57.258
      50.628        9.900        4.836       57.258
      50.728       10.000        4.836       57.258
      50.828       10.000        4.836       57.258
      50.929       10.000        4.836       57.258
      51.029       10.000        4.836       57.258
      51.129       10.000        4.836       57.258
      51.230       19.900        4.836       57.258
      51.330       10.000        4.836       57.258
      51.431        9.900        4.836       57.258
      51.531        0.000        4.836       57.258
      51.631       10.000        4.836       57.258
      51.732       19.900        4.836       57.258
      51.833       10.000        4.836       57.258
      51.933       19.900        4.836       57.258
      52.033       10.000        4.836       57.258
      52.134       10.000        4.836       57.258
      52.234       19.900        4.836       57.258
      52.335        9.900        4.836       57.258
      52.435       10.000        4.836       57.258
      52.536        0.000        4.836       57.258
      52.636       10.000        4.836       57.258
      52.736       19.900        4.836       57.258
      52.837       19.900        4.836       57.258
      52.937       10.000        4.836       57.258
      53.037       10.000        4.836       57.258
      53.138       10.000        4.836       57.258
      53.238       10.000        4.836       57.258
      53.339       10.000        4.836       57.258
      53.439       10.000        4.836       57.258
      53.539       19.900        4.836       57.258
      53.639        0.000        4.836       57.258
      53.740       19.900        4.836       57.258
      53.840       10.000        4.836       57.258
      53.940       10.000        4.836       57.258
      54.041        0.000        4.836       57.258
      54.141       19.900        4.836       57.258
      54.241       19.900        4.836       57.258
      54.342        9.900        4.836       57.258
      54.443       10.000        4.836       57.258
      54.543       10.000        4.836       57.258
      54.643       19.900        4.836       57.258
      54.744       10.000        4.836       57.258
      54.844       10.000        4.836       57.258
      54.945       10.000        4.836       57.258
      55.045        9.900        4.836       57.258
      55.145       19.900        4.836       57.258
      55.246       10.000        4.836       57.258
      55.346        9.900        4.836       57.258
      55.447       10.000        4.836       57.258
      55.547       10.000        4.836       57.258
      55.648       19.900        4.836       57.258
      55.748        9.900        4.836       57.258
      55.849        9.900        4.836       57.258
      55.949        9.900        4.836       57.258
      56.050       19.900        4.836       57.258
      56.150        0.000        4.836       57.258
      56.250       19.900        4.836       57.258
      56.351       10.000        4.836       57.258
      56.451       10.000        4.836       57.258
      56.551        0.000        4.836       57.258
      56.652       19.900        4.836       57.258
      56.752       10.000        4.836       57.258
      56.853       10.000        4.836       57.258
      56.953       19.900        4.836       57.258
      57.053       10.000        4.836       57.258
      57.153       10.000        4.836       57.258
      57.254       19.900        4.836       57.258
      57.354        9.900        4.836       57.258
      57.455       10.000        4.836       57.258
      57.555       10.000        4.836       57.258
      57.656       10.000        4.836       57.258
      57.756       10.000        4.836       57.258
      57.857       10.000        4.836       57.258
      57.957       19.900        4.836       57.258
      58.057       10.000        4.836       57.258
      58.158       10.000        4.836       57.258
      58.258       10.000        4.836       57.258
      58.358       10.000        4.836       57.258
      58.459       10.000        4.836       57.258
      58.559       19.900        4.836       57.258
      58.660        0.000        4.836       57.258
      58.760       19.900        4.836       57.258
      58.861       19.900        4.836       57.258
      58.961        0.000        4.836       57.258
      59.062       10.000        4.836       57.258
      59.162        9.900        4.836       57.258
      59.263        9.900        4.836       57.258
      59.363        9.900        4.836       57.258
      59.464       19.900        4.836       57.258
      59.564       10.000        4.836       57.258
      59.665        9.900        4.836       57.258
      59.765       10.000        4.836       57.258
      59.865       10.000        4.836       57.258
      59.966       19.900        4.836       57.258
      60.066       10.000        4.836       57.258
      60.167        9.900        4.836       57.258
      60.267        9.900        4.836       57.258
      60.368        9.900        4.836       57.258
      60.468       19.900        4.836       57.258
      60.569        0.000        4.836       57.258
      60.669       19.900        4.836       57.258
      60.770       10.000        4.836       57.258
      60.870       10.000        4.836       57.258
      60.970       19.900        4.836       57.258
      61.071       10.000        4.836       57.258
      61.171        0.000        4.836       57.258
      61.272       19.900        4.836       57.258
      61.372       19.900        4.836       57.258
      61.473        9.900        4.836       57.258
      61.573        9.900        4.836       57.258
      61.674        0.000        4.836       57.258
      61.774        9.900        4.836       57.258
      61.875       19.900        4.836       57.258
      61.976        9.900        4.836       57.258
      62.076       19.900        4.836       57.258
      62.177        0.000        4.836       57.258
      62.277       19.900        4.836       57.258
      62.377       19.900        4.836       57.258
      62.478       10.000        4.836       57.258
      62.578       10.000        4.836       57.258
      62.678       10.000        4.836       57.258
      62.779        9.900        4.836       57.258
      62.879       10.000        4.836       57.258
      62.980        9.900        4.836       57.258
      63.081        9.900        4.836       57.258
      63.181       19.900        4.836       57.258
      63.282       10.000        4.836       57.258
      63.382       10.000        4.836       57.258
      63.482       10.000        4.836       57.258
      63.583       10.000        4.836       57.258
      63.683       10.000        4.836       57.258
      63.784       10.000        4.836       57.258
      63.884       10.000        4.836       57.258
      63.984       19.900        4.836       57.258
      64.085        0.000        4.836       57.258
      64.186        9.900        4.836       57.258
      64.286       19.900        4.836       57.258
      64.387        9.900        4.836       57.258
      64.487       19.900        4.836       57.258
      64.588       10.000        4.836       57.258
      64.688       10.000        4.836       57.258
      64.788        0.000        4.836       57.258
      64.888       29.900        4.836       57.258
      64.989       10.000        4.836       57.258
      65.089       10.000        4.836       57.258
      65.189        0.000        4.836       57.258
      65.290       19.900        4.836       57.258
      65.390        0.000        4.836       57.258
      65.491       10.000        4.836       57.258
      65.591       10.000        4.836       57.258
      65.691       19.900        4.836       57.258
      65.792       10.000        4.836       57.258
      65.892       10.000        4.836       57.258
      65.992       10.000        4.836       57.258
      66.093       10.000        4.836       57.258
      66.193       19.900        4.836       57.258
      66.293       10.000        4.836       57.258
      66.394       10.000        4.836       57.258
      66.494       19.900        4.836       57.258
      66.595        9.900        4.836       57.258
      66.695        0.000        4.836       57.258
      66.796       10.000        4.836       57.258
      66.896       10.000        4.836       57.258
      66.996       10.000        4.836       57.258
      67.097       10.000        4.836       57.258
      67.197        9.900        4.836       57.258
      67.298       19.900        4.836       57.258
      67.398       10.000        4.836       57.258
      67.498       19.900        4.836       57.258
      67.599       10.000        4.836       57.258
      67.699       10.000        4.836       57.258
      67.800       10.000        4.836       57.258
      67.900       10.000        4.836       57.258
      68.000       19.900        4.836       57.258
      68.101        9.900        4.836       57.258
      68.201       10.000        4.836       57.258
      68.302       10.000        4.836       57.258
      68.402       19.900        4.836       57.258
      68.502        0.000        4.836       57.258
      68.603       19.900        4.836       57.258
      68.703        9.900        4.836       57.258
      68.804       10.000        4.836       57.258
      68.904       10.000        4.836       57.258
      69.005       10.000        4.836       57.258
      69.105       10.000        4.836       57.258
      69.205        9.900        4.836       57.258
      69.306       10.000        4.836       57.008
      69.406       10.000        4.836       57.258
      69.507       10.000        4.836       57.258
      69.607       10.000        4.836       57.258
      69.708       10.000        4.836       57.258
      69.808       10.000        4.836       57.258
      69.908        9.900        4.836       57.258
      70.009       19.900        4.836       57.008
      70.109       10.000        4.836       57.258
      70.210       10.000        4.836       57.258
      70.310       10.000        4.836       57.258
      70.410       10.000        4.836       57.258
      70.511       10.000        4.836       57.258
      70.611       10.000        4.836       57.258
      70.712        9.900        4.836       57.258
      70.812       19.900        4.836       57.258
      70.913        9.900        4.836       57.258
      71.013       10.000        4.836       57.258
      71.114       10.000        4.836       57.258
      71.214       19.900        4.836       57.258
      71.314       10.000        4.836       57.258
      71.415        0.000        4.836       57.258
      71.515       29.800        4.836       57.258
      71.616        9.900        4.836       57.258
      71.716        0.000        4.836       57.258
      71.817       10.000        4.836       57.258
      71.917       19.900        4.836       57.258
      72.018       10.000        4.836       57.258
      72.118       10.000        4.836       57.258
      72.218       10.000        4.836       57.258
      72.319       19.900        4.836       57.258
      72.419       10.000        4.836       57.258
      72.520       10.000        4.836       57.008
      72.620       19.900        4.836       57.258
      72.721       10.000        4.836       57.258
      72.821       10.000        4.836       57.258
      72.921        0.000        4.836       57.258
      73.022        9.900        4.836       57.258
      73.122       19.900        4.836       57.258
      73.223       10.000        4.836       57.258
      73.323        9.900        4.836       57.258
      73.424       10.000        4.836       57.258
      73.524       19.900        4.836       57.258
      73.625        0.000        4.836       57.258
      73.725       19.900        4.836       57.258
      73.826        9.900        4.836       57.258
      73.926        9.900        4.836       57.258
      74.027       10.000        4.836       57.258
      74.127       10.000        4.836       57.258
      74.227       10.000        4.836       57.258
      74.328       10.000        4.836       57.258
      74.428       10.000        4.836       57.258
      74.528       10.000        4.836       57.258
      74.628       10.000        4.836       57.258
      74.729       19.900        4.836       57.258
      74.829       10.000        4.836       57.258
      74.929       10.000        4.836       57.258
      75.030       10.000        4.836       57.258
      75.130       19.900        4.836       57.258
      75.230       19.900        4.836       57.258
      75.331        9.900        4.836       57.258
      75.431        0.000        4.836       57.258
      75.532       10.000        4.836       57.258
      75.632       10.000        4.836       57.258
      75.733       10.000        4.836       57.258
      75.833       19.900        4.836       57.258
      75.934       10.000        4.836       57.258
      76.034       10.000        4.836       57.258
      76.134       19.900        4.836       57.258
      76.235       10.000        4.836       57.258
      76.335        0.000        4.836       57.258
      76.435       19.900        4.836       57.258
      76.536       10.000        4.836       57.258
      76.636       10.000        4.836       57.258
      76.736       10.000        4.836       57.258
      76.837       19.900        4.836       57.258
      76.937        0.000        4.836       57.258
      77.037       19.900        4.836       57.258
      77.138       10.000        4.836       57.258
      77.238       10.000        4.836       57.258
      77.338       10.000        4.836       57.258
      77.439       19.900        4.836       57.258
      77.539       10.000        4.836       57.258
      77.639       10.000        4.836       57.258
      77.740        9.900        4.836       57.258
      77.840        9.900        4.836       57.258
      77.941       10.000        4.836       57.258
      78.041       10.000        4.836       57.258
      78.142        9.900        4.836       57.258
      78.242       10.000        4.836       57.258
      78.343       10.000        4.836       57.258
      78.443       19.900        4.836       57.258
      78.543       10.000        4.836       57.258
      78.644       10.000        4.836       57.258
      78.744       19.900        4.836       57.258
      78.844       10.000        4.836       57.258
      78.945        0.000        4.836       57.258
      79.045       10.000        4.836       57.258
      79.146       19.900        4.836       57.258
      79.246       19.900        4.836       57.258
      79.346        0.000        4.836       57.258
      79.447       10.000        4.836       57.258
      79.547       19.900        4.836       57.258
      79.648        0.000        4.836       57.258
      79.748       10.000        4.836       57.258
      79.848       10.000        4.836       57.258
      79.949       10.000        4.836       57.258
      80.049       19.900        4.836       57.258
      80.149       19.900        4.836       57.258
      80.250        0.000        4.836       57.258
      80.350       10.000        4.836       57.258
      80.451       10.000        4.836       57.258
      80.551       10.000        4.836       57.258
      80.652       19.900        4.836       57.258
      80.752       10.000        4.836       57.258
      80.853       10.000        4.836       57.258
      80.953       19.900        4.836       57.258
      81.053        0.000        4.836       57.258
      81.154       10.000        4.836       57.258
      81.254       19.900        4.836       57.258
      81.354       10.000        4.836       57.258
      81.454        0.000        4.836       57.258
      81.555       19.900        4.836       57.258
      81.656        9.900        4.836       57.258
      81.756       10.000        4.836       57.258
      81.857       19.900        4.836       57.258
      81.957        9.900        4.836       57.258
      82.058        9.900        4.836       57.258
      82.158       10.000        4.836       57.258
      82.259       10.000        4.836       57.258
      82.359       10.000        4.836       57.258
      82.459       10.000        4.836       57.258
      82.560       19.900        4.836       57.258
      82.660       10.000        4.836       57.258
      82.761       10.000        4.836       57.258
      82.861       10.000        4.836       57.258
      82.961        9.900        4.836       57.258
      83.062        9.900        4.836       57.258
      83.162       19.900        4.836       57.258
      83.263       10.000        4.836       57.258
      83.363       10.000        4.836       57.258
      83.464        9.900        4.836       57.258
      83.564        9.900        4.836       57.258
      83.664       10.000        4.836       57.258
      83.765       10.000        4.836       57.258
      83.865       19.900        4.836       57.258
      83.965       10.000        4.836       57.258
      84.066       10.000        4.836       57.258
      84.166       10.000        4.836       57.258
      84.266       10.000        4.836       57.008
      84.367       10.000        4.836       57.258
      84.467        9.900        4.836       57.258
      84.568        9.900        4.836       57.258
      84.668        9.900        4.836       57.258
      84.769       10.000        4.836       57.258
      84.869       10.000        4.836       57.258
      84.970       10.000        4.836       57.258
      85.070       19.900        4.836       57.258
      85.171        0.000        4.836       57.258
      85.271       20.000        4.836       57.258
      85.371       10.000        4.836       57.258
      85.472       10.000        4.836       57.258
      85.572       10.000        4.836       57.258
      85.672       10.000        4.836       57.258
      85.773       19.900        4.836       57.258
      85.873       10.000        4.836       57.258
      85.973        9.900        4.836       57.258
      86.074       10.000        4.836       57.258
      86.174       10.000        4.836       57.258
      86.275       19.900        4.836       57.258
      86.375        0.000        4.836       57.258
      86.476       19.900        4.836       57.258
      86.576        0.000        4.836       57.258
      86.677       19.900        4.836       57.258
      86.777       19.900        4.836       57.258
      86.878       10.000        4.836       57.258
      86.978        9.900        4.836       57.258
      87.079        0.000        4.836       57.258
      87.179       10.000        4.836       57.258
      87.280       19.900        4.836       57.258
      87.380       10.000        4.836       57.258
      87.480       10.000        4.836       57.258
      87.581       19.900        4.836       57.258
      87.682        9.900        4.836       57.258
      87.782       10.000        4.836       57.258
      87.882       20.000        4.836       57.258
      87.983       10.000        4.836       57.258
      88.083       10.000        4.836       57.258
      88.183       10.000        4.836       57.258
      88.284       10.000        4.836       57.258
      88.384       10.000        4.836       57.258
      88.484       10.000        4.836       57.258
      88.585       19.900        4.836       57.258
      88.685       10.000        4.836       57.258
      88.786       10.000        4.836       57.258
      88.886       10.000        4.836       57.258
      88.987       19.900        4.836       57.258
      89.087       10.000        4.836       57.258
      89.187       10.000        4.836       57.258
      89.288       10.000        4.836       57.258
      89.388       10.000        4.836       57.258
      89.489        9.900        4.836       57.258
      89.589       10.000        4.836       57.258
      89.689       10.000        4.836       57.258
      89.790       10.000        4.836       57.258
      89.890       10.000        4.836       57.258
      89.990       10.000        4.836       57.258
      90.091       19.900        4.836       57.258
      90.191       10.000        4.836       57.258
      90.291       10.000        4.836       57.258
      90.392       10.000        4.836       57.258
      90.492       19.900        4.836       57.008
      90.592       10.000        4.836       57.008
      90.693       10.000        4.836       57.258
      90.793       10.000        4.836       57.258
      90.894       10.000        4.836       57.258
      90.994       19.900        4.836       57.258
      91.094        0.000        4.836       57.258
      91.195       19.900        4.836       57.258
      91.295       10.000        4.836       57.258
      91.395       10.000        4.836       57.258
      91.496       10.000        4.836       57.258
      91.596       10.000        4.836       57.258
      91.696       19.900        4.836       57.258
      91.797        0.000        4.836       57.258
      91.897       19.900        4.836       57.008
      91.998       10.000        4.836       57.258
      92.098       19.900        4.836       57.258
      92.199        0.000        4.836       57.258
      92.299       10.000        4.836       57.258
      92.399       10.000        4.836       57.258
      92.500        9.900        4.836       57.258
      92.600       10.000        4.836       57.258
      92.701       10.000        4.836       57.258
      92.801       10.000        4.836       57.258
      92.901       19.900        4.836       57.258
      93.002       10.000        4.836       57.258
      93.102       10.000        4.836       57.258
      93.203        9.900        4.836       57.258
      93.303        9.900        4.836       57.258
      93.404       19.900        4.836       57.258
      93.504       10.000        4.836       57.258
      93.604       10.000        4.836       57.258
      93.705       10.000        4.836       57.258
      93.805       10.000        4.836       57.258
      93.906       10.000        4.836       57.258
      94.006       19.900        4.836       57.258
      94.106        0.000        4.836       57.258
      94.206       10.000        4.836       57.258
      94.307       19.900        4.836       57.258
      94.407       19.900        4.836       57.258
      94.508       10.000        4.836       57.258
      94.608       10.000        4.836       57.258
      94.709       10.000        4.836       57.258
      94.809       10.000        4.836       57.258
      94.909       10.000        4.836       57.258
      95.010       10.000        4.836       57.258
      95.110       10.000        4.836       57.258
      95.210       19.900        4.836       57.258
      95.311        0.000        4.836       57.258
      95.411       19.900        4.836       57.258
      95.512        9.900        4.836       57.258
      95.612       10.000        4.836       57.258
      95.713       10.000        4.836       57.258
      95.813       19.900        4.836       57.258
      95.914       10.000        4.836       57.258
      96.014        0.000        4.836       57.258
      96.114       10.000        4.836       57.258
      96.215       19.900        4.836       57.258
      96.315       19.900        4.836       57.258
      96.415        0.000        4.836       57.258
      96.516       10.000        4.836       57.258
      96.616        9.900        4.836       57.258
      96.717       19.900        4.836       57.258
      96.818        9.900        4.836       57.258
      96.918       10.000        4.836       57.258
      97.018       19.900        4.836       57.258
      97.119       10.000        4.836       57.258
      97.219       10.000        4.836       57.258
      97.319       10.000        4.836       57.258
      97.420       10.000        4.836       57.258
      97.520       10.000        4.836       57.258
      97.620       10.000        4.836       57.258
      97.721       10.000        4.836       57.258
      97.821       10.000        4.836       57.258
      97.921       19.900        4.836       57.258
      98.022       10.000        4.836       57.258
      98.122       10.000        4.836       57.258
      98.223       19.900        4.836       57.258
      98.323        9.900        4.836       57.258
      98.424        9.900        4.836       57.258
      98.524        9.900        4.836       57.008
      98.625       10.000        4.836       57.258
      98.725       10.000        4.836       57.258
      98.825       10.000        4.836       57.258
      98.926       10.000        4.836       57.258
      99.026       10.000        4.836       57.258
      99.127       19.900        4.836       57.258
      99.227       10.000        4.836       57.008
      99.327       10.000        4.836       57.258
      99.428       10.000        4.836       57.258
      99.528       19.900        4.836       57.258
      99.629        9.900        4.836       57.258
      99.729       10.000        4.836       57.258
      99.829       10.000        4.836       57.258
      99.930        0.000        4.836       57.258
