# Elapsed time   CPU (%)     Real (MB)   Virtual (MB)
       0.001        0.000        4.641       56.328
       0.102        0.000        4.641       56.328
       0.202        0.000        4.641       56.328
       0.303        0.000        4.641       56.328
       0.403        0.000        4.641       56.328
       0.504        0.000        4.641       56.328
       0.604        0.000        4.641       56.328
       0.705        0.000        4.641       56.328
       0.805        0.000        4.641       56.328
       0.906        0.000        4.641       56.328
       1.006        0.000        4.641       56.328
       1.107        0.000        4.641       56.328
       1.207        0.000        4.641       56.328
       1.308        0.000        4.641       56.328
       1.408        0.000        4.641       56.328
       1.509        0.000        4.641       56.328
       1.610        0.000        4.641       56.328
       1.710        0.000        4.641       56.328
       1.811        0.000        4.641       56.328
       1.911        0.000        4.641       56.328
       2.012        0.000        4.641       56.328
       2.112        0.000        4.641       56.328
       2.213        0.000        4.641       56.328
       2.313        0.000        4.641       56.328
       2.414        0.000        4.641       56.328
       2.514        0.000        4.641       56.328
       2.615        0.000        4.641       56.328
       2.715        0.000        4.641       56.328
       2.816        0.000        4.641       56.328
       2.916        0.000        4.641       56.328
       3.017        0.000        4.641       56.328
       3.118        0.000        4.641       56.328
       3.218        0.000        4.641       56.328
       3.319        0.000        4.641       56.328
       3.419        0.000        4.641       56.328
       3.520        0.000        4.641       56.328
       3.620        0.000        4.641       56.328
       3.721        0.000        4.641       56.328
       3.821        0.000        4.641       56.328
       3.922        0.000        4.641       56.328
       4.022        0.000        4.641       56.328
       4.123        0.000        4.641       56.328
       4.223        0.000        4.641       56.328
       4.324        0.000        4.641       56.328
       4.425        0.000        4.641       56.328
       4.525        0.000        4.641       56.328
       4.625        0.000        4.641       56.328
       4.726       10.000        4.641       56.113
       4.826        0.000        4.641       56.113
       4.927        0.000        4.641       56.113
       5.027        0.000        4.641       56.113
       5.128        0.000        4.641       56.113
       5.228        0.000        4.641       56.113
       5.329        0.000        4.641       56.113
       5.429        0.000        4.641       56.113
       5.530        0.000        4.641       56.113
       5.630        9.900        4.641       56.328
       5.731        0.000        4.641       56.328
       5.831        0.000        4.641       56.328
       5.932        0.000        4.641       56.328
       6.032        0.000        4.641       56.328
       6.133        0.000        4.641       56.328
       6.234        0.000        4.641       56.328
       6.334        0.000        4.641       56.328
       6.435        0.000        4.641       56.328
       6.535        0.000        4.641       56.328
       6.636       19.900        4.688       56.582
       6.736        0.000        4.688       56.582
       6.837        0.000        4.688       56.582
       6.938        0.000        4.688       56.582
       7.038        0.000        4.688       56.582
       7.139        0.000        4.688       56.582
       7.239       19.900        4.688       56.582
       7.340        0.000        4.688       56.582
       7.440        0.000        4.688       56.582
       7.541        0.000        4.688       56.582
       7.641        0.000        4.641       56.371
       7.742        0.000        4.641       56.371
       7.842        0.000        4.641       56.371
       7.943        0.000        4.641       56.371
       8.044        0.000        4.641       56.371
       8.144       10.000        4.641       56.371
       8.244       10.000        4.641       56.371
       8.345        0.000        4.641       56.371
       8.445        0.000        4.641       56.371
       8.546        0.000        4.641       56.371
       8.647       19.900        4.641       56.328
       8.747        0.000        4.641       56.328
       8.847        0.000        4.641       56.328
       8.948        0.000        4.641       56.328
       9.048        0.000        4.641       56.328
       9.149       10.000        4.641       56.328
       9.250        9.900        4.641       56.328
       9.350        0.000        4.641       56.328
       9.451        0.000        4.641       56.328
       9.551        0.000        4.641       56.328
       9.652        9.900        4.641       56.328
       9.752       19.900        4.641       56.328
       9.853        9.900        4.641       56.328
       9.954        0.000        4.641       56.328
      10.054        0.000        4.641       56.328
      10.155        0.000        4.641       56.328
      10.255       19.900        4.641       56.328
      10.356        0.000        4.641       56.328
      10.456        0.000        4.641       56.328
      10.557        0.000        4.641       56.328
      10.657        0.000        4.637       56.324
      10.758       19.900        4.637       56.324
      10.858        9.900        4.637       56.324
      10.959        0.000        4.637       56.324
      11.059        0.000        4.637       56.324
      11.160        9.900        4.637       56.324
      11.261        9.900        4.637       56.324
      11.361        0.000        4.637       56.324
      11.462        0.000        4.637       56.324
      11.562        0.000        4.637       56.324
      11.663       19.900        4.613       56.051
      11.763       10.000        4.613       56.301
      11.864        0.000        4.613       56.301
      11.964        0.000        4.613       56.301
      12.064        0.000        4.613       56.301
      12.165        9.900        4.613       56.301
      12.266       19.900        4.613       56.301
      12.366        9.900        4.613       56.301
      12.467        9.900        4.613       56.301
      12.567        0.000        4.613       56.301
      12.668        0.000        4.613       56.301
      12.768       19.900        4.613       56.301
      12.869       10.000        4.613       56.301
      12.969        0.000        4.613       56.301
      13.070        0.000        4.613       56.301
      13.170        0.000        4.613       56.301
      13.271       19.900        4.613       56.301
      13.371       19.900        4.613       56.301
      13.472        0.000        4.613       56.301
      13.572        0.000        4.613       56.301
      13.673        9.900        4.613       56.590
      13.773       10.000        4.727       56.445
      13.874        0.000        4.727       56.445
      13.974        0.000        4.727       56.445
      14.074        0.000        4.727       56.445
      14.175        9.900        4.613       56.301
      14.276       29.800        4.613       56.301
      14.376        9.900        4.613       56.301
      14.477        0.000        4.613       56.301
      14.577        0.000        4.613       56.301
      14.678        0.000        4.613       56.301
      14.778       19.900        4.680       56.410
      14.879       19.900        4.680       56.410
      14.979        9.900        4.680       56.410
      15.080        0.000        4.680       56.410
      15.180        0.000        4.680       56.410
      15.280       29.900        4.680       56.410
      15.381        9.900        4.680       56.410
      15.482        0.000        4.680       56.410
      15.582        0.000        4.680       56.410
      15.683       19.900        4.684       56.410
      15.783       10.000        4.684       56.410
      15.884       19.900        4.684       56.410
      15.984        9.900        4.684       56.410
      16.085        0.000        4.684       56.410
      16.185        0.000        4.684       56.410
      16.286       29.900        4.680       56.410
      16.386        0.000        4.680       56.410
      16.487        0.000        4.680       56.410
      16.587        0.000        4.680       56.410
      16.688       10.000        4.637       56.309
      16.788       29.900        4.621       56.309
      16.889        9.900        4.621       56.309
      16.989        0.000        4.621       56.309
      17.090        0.000        4.621       56.309
      17.190        0.000        4.621       56.309
      17.290       29.800        4.621       56.309
      17.391       19.900        4.621       56.309
      17.491       10.000        4.621       56.309
      17.592        0.000        4.621       56.309
      17.692       10.000        4.652       56.570
      17.793       29.900        4.688       56.562
      17.893        9.900        4.688       56.562
      17.994        0.000        4.688       56.562
      18.094        0.000        4.688       56.562
      18.195        9.900        4.688       56.562
      18.295       29.900        4.688       56.562
      18.396       19.900        4.688       56.562
      18.496        9.900        4.688       56.562
      18.597        0.000        4.688       56.562
      18.697       19.900        4.641       56.422
      18.798       10.000        4.641       56.422
      18.898       19.900        4.641       56.422
      18.998        0.000        4.641       56.422
      19.099        0.000        4.641       56.422
      19.200        0.000        4.641       56.422
      19.300       29.800        4.641       56.422
      19.401       19.900        4.641       56.422
      19.501       10.000        4.641       56.395
      19.602        0.000        4.641       56.395
      19.702       19.900        4.641       56.395
      19.803       10.000        4.641       56.395
      19.903       29.800        4.641       56.395
      20.004        9.900        4.641       56.395
      20.104        9.900        4.641       56.395
      20.205        0.000        4.641       56.395
      20.305       19.900        4.641       56.395
      20.405       10.000        4.641       56.395
      20.506        9.900        4.641       56.395
      20.607       10.000        4.641       56.395
      20.707        9.900        4.641       56.395
      20.808       10.000        4.641       56.395
      20.908       29.900        4.641       56.395
      21.009        9.900        4.641       56.395
      21.109        0.000        4.641       56.395
      21.209       10.000        4.641       56.395
      21.310       29.800        4.641       56.395
      21.410       10.000        4.641       56.395
      21.511        9.900        4.641       56.395
      21.612        0.000        4.641       56.395
      21.712       10.000        4.641       56.570
      21.812       39.900        4.641       56.570
      21.913       10.000        4.641       56.570
      22.013       10.000        4.641       56.570
      22.113       10.000        4.641       56.570
      22.214        9.900        4.641       56.570
      22.314       19.900        4.641       56.570
      22.415       19.900        4.641       56.570
      22.515       19.900        4.641       56.570
      22.616       10.000        4.641       56.570
      22.716       19.900        4.641       56.570
      22.817       10.000        4.641       56.570
      22.917       19.900        4.641       56.570
      23.018        9.900        4.641       56.570
      23.118        9.900        4.641       56.570
      23.219        9.900        4.641       56.570
      23.319       19.900        4.641       56.570
      23.420       29.800        4.641       56.570
      23.520       10.000        4.641       56.570
      23.621       19.900        4.641       56.570
      23.721        0.000        4.641       56.570
      23.822       19.900        4.707       56.570
      23.922       19.900        4.707       56.570
      24.022       19.900        4.707       56.570
      24.123        0.000        4.707       56.570
      24.223       10.000        4.707       56.570
      24.324       19.900        4.707       56.570
      24.424       29.900        4.707       56.570
      24.525       10.000        4.707       56.570
      24.625        9.900        4.707       56.570
      24.725        0.000        4.707       56.570
      24.826       29.900        4.707       56.570
      24.926        9.900        4.707       56.570
      25.027       19.900        4.707       56.570
      25.127       10.000        4.707       56.570
      25.228        0.000        4.707       56.570
      25.328       29.900        4.707       56.570
      25.429        9.900        4.707       56.570
      25.529        9.900        4.707       56.570
      25.630       10.000        4.707       56.570
      25.730        0.000        4.707       56.570
      25.831       19.900        4.707       56.570
      25.931       29.800        4.707       56.570
      26.031       19.900        4.707       56.570
      26.132        9.900        4.707       56.570
      26.233        9.900        4.707       56.570
      26.333       19.900        4.707       56.570
      26.433       19.900        4.707       56.570
      26.534       19.900        4.707       56.570
      26.634       10.000        4.707       56.570
      26.735        9.900        4.707       56.570
      26.835       10.000        4.707       56.570
      26.936       29.900        4.707       56.570
      27.036       19.900        4.707       56.570
      27.137        9.900        4.707       56.570
      27.237        0.000        4.707       56.570
      27.337       19.900        4.707       56.570
      27.438       19.900        4.707       56.570
      27.538       29.800        4.707       56.570
      27.639        9.900        4.707       56.570
      27.740        9.900        4.707       56.570
      27.840       19.900        4.707       56.570
      27.941       29.800        4.707       56.570
      28.041       19.900        4.707       56.570
      28.142       10.000        4.707       56.570
      28.242        9.900        4.707       56.570
      28.343        0.000        4.707       56.570
      28.443       19.900        4.707       56.570
      28.543       19.900        4.707       56.570
      28.644       19.900        4.707       56.570
      28.744       10.000        4.707       56.570
      28.845       10.000        4.707       56.570
      28.945       29.900        4.707       56.570
      29.045       19.900        4.707       56.570
      29.146       19.900        4.707       56.570
      29.246        0.000        4.707       56.570
      29.347       19.900        4.707       56.570
      29.447       19.900        4.707       56.570
      29.548       19.900        4.707       56.570
      29.648       19.900        4.707       56.570
      29.748        0.000        4.707       56.570
      29.849        9.900        4.707       56.570
      29.949       19.900        4.707       56.570
      30.050       19.900        4.707       56.570
      30.151       29.800        4.707       56.570
      30.251       10.000        4.707       56.570
      30.352       10.000        4.707       56.570
      30.452       19.900        4.707       56.570
      30.552       29.800        4.707       56.570
      30.653        9.900        4.707       56.570
      30.753       10.000        4.707       56.570
      30.854        0.000        4.707       56.570
      30.955       19.900        4.707       56.570
      31.055       19.900        4.707       56.570
      31.155       10.000        4.707       56.570
      31.256       19.900        4.707       56.570
      31.356        9.900        4.707       56.570
      31.457       19.900        4.707       56.570
      31.557       19.900        4.707       56.570
      31.658       19.900        4.707       56.570
      31.758        0.000        4.707       56.570
      31.859        9.900        4.707       56.570
      31.959       29.900        4.707       56.570
      32.060       19.900        4.707       56.570
      32.160       10.000        4.707       56.570
      32.260       10.000        4.707       56.570
      32.361        9.900        4.707       56.570
      32.461       10.000        4.707       56.570
      32.562       19.900        4.707       56.570
      32.662       29.900        4.707       56.570
      32.762       10.000        4.707       56.570
      32.863        9.900        4.707       56.570
      32.963       19.900        4.707       56.570
      33.064       29.800        4.707       56.570
      33.164       10.000        4.707       56.570
      33.265       19.900        4.707       56.570
      33.365        0.000        4.707       56.570
      33.466       29.800        4.707       56.570
      33.566       10.000        4.707       56.570
      33.667       19.900        4.707       56.570
      33.767       19.900        4.707       56.570
      33.868        9.900        4.707       56.570
      33.968       19.900        4.707       56.570
      34.069       29.900        4.707       56.570
      34.169       19.900        4.707       56.570
      34.270        9.900        4.707       56.570
      34.371        0.000        4.707       56.570
      34.471       19.900        4.707       56.570
      34.571       19.900        4.707       56.570
      34.672       19.900        4.707       56.570
      34.772       19.900        4.707       56.570
      34.873        0.000        4.707       56.570
      34.973       10.000        4.707       56.570
      35.074       19.900        4.707       56.570
      35.174       29.900        4.707       56.570
      35.275       10.000        4.707       56.570
      35.375       19.900        4.707       56.570
      35.475       10.000        4.707       56.570
      35.576       29.800        4.707       56.570
      35.677       19.900        4.707       56.570
      35.777       10.000        4.707       56.570
      35.878        9.900        4.707       56.570
      35.978        9.900        4.707       56.570
      36.079        9.900        4.707       56.570
      36.179       39.800        4.707       56.570
      36.280       10.000        4.707       56.570
      36.380       10.000        4.707       56.570
      36.480       10.000        4.707       56.570
      36.581       19.900        4.707       56.570
      36.681       19.900        4.707       56.570
      36.781       29.900        4.707       56.570
      36.882        0.000        4.707       56.570
      36.982       10.000        4.707       56.570
      37.083       29.800        4.707       56.570
      37.183       29.900        4.707       56.570
      37.284       10.000        4.707       56.570
      37.384       10.000        4.707       56.570
      37.485        9.900        4.707       56.570
      37.585       19.900        4.707       56.570
      37.686       19.900        4.707       56.570
      37.786       19.900        4.707       56.570
      37.886       19.900        4.707       56.570
      37.987        9.900        4.707       56.570
      38.088       19.900        4.707       56.570
      38.188       19.900        4.707       56.570
      38.288       29.900        4.707       56.570
      38.388        0.000        4.707       56.570
      38.489       19.900        4.707       56.570
      38.589       10.000        4.707       56.570
      38.690       29.900        4.707       56.570
      38.790        9.900        4.707       56.570
      38.891       19.900        4.707       56.570
      38.991        0.000        4.707       56.570
      39.092       29.800        4.707       56.570
      39.192       19.900        4.707       56.570
      39.293       19.900        4.707       56.570
      39.393        0.000        4.707       56.570
      39.494       19.900        4.707       56.570
      39.594        9.900        4.707       56.570
      39.695       19.900        4.707       56.570
      39.795       19.900        4.707       56.570
      39.896       19.900        4.707       56.570
      39.996       10.000        4.707       56.570
      40.097       10.000        4.707       56.570
      40.197       10.000        4.707       56.570
      40.298       19.900        4.707       56.570
      40.398       19.900        4.707       56.570
      40.499        9.900        4.707       56.570
      40.599       19.900        4.707       56.570
      40.700       19.900        4.707       56.570
      40.800       10.000        4.707       56.570
      40.901        9.900        4.707       56.570
      41.001        9.900        4.707       56.570
      41.102        9.900        4.707       56.570
      41.202       29.800        4.707       56.570
      41.303       19.900        4.707       56.570
      41.403       19.900        4.707       56.570
      41.504       10.000        4.707       56.570
      41.604       19.900        4.707       56.570
      41.705       19.900        4.707       56.570
      41.805       19.900        4.707       56.570
      41.906       10.000        4.707       56.570
      42.006       19.900        4.707       56.570
      42.106       10.000        4.707       56.570
      42.207       19.900        4.707       56.570
      42.307       19.900        4.707       56.570
      42.408        9.900        4.707       56.570
      42.508       10.000        4.707       56.570
      42.608       10.000        4.707       56.570
      42.709       29.900        4.707       56.570
      42.809       10.000        4.707       56.570
      42.910       19.900        4.707       56.570
      43.010       19.900        4.707       56.570
      43.111       19.900        4.707       56.570
      43.211        9.900        4.707       56.570
      43.312       29.800        4.707       56.570
      43.412       10.000        4.707       56.570
      43.513       10.000        4.707       56.570
      43.613       10.000        4.707       56.570
      43.713       19.900        4.707       56.570
      43.814       19.900        4.707       56.570
      43.914       29.800        4.707       56.570
      44.015        9.900        4.707       56.570
      44.115       10.000        4.707       56.570
      44.216       19.900        4.707       56.570
      44.316       19.900        4.707       56.570
      44.416       10.000        4.707       56.570
      44.517       19.900        4.707       56.570
      44.618       10.000        4.707       56.570
      44.718       10.000        4.707       56.570
      44.818       19.900        4.707       56.570
      44.919       19.900        4.707       56.570
      45.019        9.900        4.707       56.570
      45.120       10.000        4.707       56.570
      45.220       20.000        4.707       56.570
      45.321       10.000        4.707       56.570
      45.421       19.900        4.707       56.570
      45.521       19.900        4.707       56.570
      45.622       19.900        4.707       56.570
      45.722       10.000        4.707       56.570
      45.822       29.900        4.707       56.570
      45.923       10.000        4.707       56.570
      46.023        0.000        4.707       56.570
      46.124       10.000        4.707       56.570
      46.224       19.900        4.707       56.570
      46.325       10.000        4.707       56.570
      46.425       29.900        4.707       56.570
      46.526        9.900        4.707       56.570
      46.626       10.000        4.707       56.570
      46.727       19.900        4.707       56.570
      46.827       19.900        4.707       56.570
      46.927       10.000        4.707       56.570
      47.028       19.900        4.707       56.570
      47.128        9.900        4.707       56.570
      47.229       10.000        4.707       56.570
      47.329       19.900        4.707       56.570
      47.430       19.900        4.707       56.570
      47.530        9.900        4.707       56.570
      47.631        0.000        4.707       56.570
      47.731       19.900        4.707       56.570
      47.832       10.000        4.707       56.570
      47.932       19.900        4.707       56.570
      48.033       29.800        4.707       56.570
      48.133       10.000        4.707       56.570
      48.233       10.000        4.707       56.570
      48.334       29.900        4.707       56.570
      48.434        9.900        4.707       56.570
      48.535       19.900        4.707       56.570
      48.636        0.000        4.707       56.570
      48.736       19.900        4.707       56.570
      48.837       10.000        4.707       56.570
      48.937       10.000        4.707       56.570
      49.038       19.900        4.707       56.570
      49.138       19.900        4.707       56.570
      49.239        9.900        4.707       56.570
      49.339       19.900        4.707       56.570
      49.440       19.900        4.707       56.570
      49.540       10.000        4.707       56.570
      49.640       10.000        4.707       56.570
      49.741        9.900        4.707       56.570
      49.841       29.900        4.707       56.570
      49.942       10.000        4.707       56.570
      50.042       19.900        4.707       56.570
      50.143        9.900        4.707       56.570
      50.243        9.900        4.707       56.570
      50.344       19.900        4.707       56.570
      50.444       19.900        4.707       56.570
      50.545       10.000        4.707       56.570
      50.645       19.900        4.707       56.570
      50.746       10.000        4.707       56.570
      50.846        9.900        4.707       56.570
      50.947       29.900        4.707       56.570
      51.047       10.000        4.707       56.570
      51.147       19.900        4.707       56.570
      51.248       10.000        4.707       56.570
      51.348       19.900        4.707       56.570
      51.449        9.900        4.707       56.570
      51.549       19.900        4.707       56.570
      51.650       19.900        4.707       56.570
      51.750       10.000        4.707       56.570
      51.851       19.900        4.707       56.570
      51.951       19.900        4.707       56.570
      52.051       19.900        4.707       56.570
      52.152        9.900        4.707       56.570
      52.253        9.900        4.707       56.570
      52.353       19.900        4.707       56.570
      52.453        9.900        4.707       56.570
      52.554       19.900        4.707       56.570
      52.655       10.000        4.707       56.570
      52.755       10.000        4.707       56.570
      52.855       19.900        4.707       56.570
      52.956       10.000        4.707       56.570
      53.056       19.900        4.707       56.570
      53.156       29.900        4.707       56.570
      53.257       10.000        4.707       56.570
      53.357       19.900        4.707       56.570
      53.458       19.900        4.707       56.570
      53.558        9.900        4.707       56.570
      53.659       19.900        4.707       56.570
      53.759        9.900        4.707       56.570
      53.860       10.000        4.707       56.570
      53.960       19.900        4.707       56.570
      54.061       19.900        4.707       56.570
      54.161        9.900        4.707       56.570
      54.262       10.000        4.707       56.570
      54.362       29.800        4.707       56.570
      54.463        9.900        4.707       56.570
      54.563       19.900        4.707       56.570
      54.664       19.900        4.707       56.570
      54.764        9.900        4.707       56.570
      54.865        9.900        4.707       56.570
      54.965       19.900        4.707       56.570
      55.066       10.000        4.707       56.570
      55.166       19.900        4.707       56.570
      55.267       10.000        4.707       56.570
      55.367        9.900        4.707       56.570
      55.468       19.900        4.707       56.570
      55.568       19.900        4.707       56.570
      55.669       10.000        4.707       56.570
      55.769       10.000        4.707       56.570
      55.869       29.800        4.707       56.570
      55.970       19.900        4.707       56.570
      56.071        9.900        4.707       56.570
      56.171        9.900        4.707       56.570
      56.272       10.000        4.707       56.570
      56.372        9.900        4.707       56.570
      56.473       19.900        4.707       56.570
      56.573       19.900        4.707       56.570
      56.673       19.900        4.707       56.570
      56.774       19.900        4.707       56.570
      56.874       10.000        4.707       56.570
      56.975       10.000        4.707       56.570
      57.075       29.800        4.707       56.570
      57.176       10.000        4.707       56.570
      57.276       19.900        4.707       56.570
      57.377        0.000        4.707       56.570
      57.477       19.900        4.707       56.570
      57.578       29.900        4.707       56.570
      57.678       19.900        4.707       56.570
      57.779       10.000        4.707       56.570
      57.879        0.000        4.707       56.570
      57.980       10.000        4.707       56.570
      58.080       19.900        4.707       56.570
      58.181       29.900        4.707       56.570
      58.281       19.900        4.707       56.570
      58.381        0.000        4.707       56.570
      58.482       29.900        4.707       56.570
      58.582       19.900        4.707       56.570
      58.683       19.900        4.707       56.570
      58.783        9.900        4.707       56.570
      58.884        9.900        4.707       56.570
      58.985       19.900        4.707       56.570
      59.085       10.000        4.707       56.570
      59.185       19.900        4.707       56.570
      59.286        9.900        4.707       56.570
      59.386       10.000        4.707       56.570
      59.487       19.900        4.707       56.570
      59.587       19.900        4.707       56.570
      59.688       19.900        4.707       56.570
      59.788        9.900        4.707       56.570
      59.889       19.900        4.707       56.570
      59.989       10.000        4.707       56.570
      60.090       19.900        4.707       56.570
      60.190       19.900        4.707       56.570
      60.290       10.000        4.707       56.570
      60.391       10.000        4.707       56.570
      60.491       19.900        4.707       56.570
      60.592       19.900        4.707       56.570
      60.692        9.900        4.707       56.570
      60.793       29.800        4.707       56.570
      60.893        0.000        4.707       56.570
      60.994       19.900        4.707       56.570
      61.094       19.900        4.707       56.570
      61.194       19.900        4.707       56.570
      61.295       19.900        4.707       56.570
      61.395       10.000        4.707       56.570
      61.496       19.900        4.707       56.570
      61.596       10.000        4.707       56.570
      61.697       19.900        4.707       56.570
      61.797        9.900        4.707       56.570
      61.898       19.900        4.707       56.570
      61.998        9.900        4.707       56.570
      62.099       19.900        4.707       56.570
      62.199       19.900        4.707       56.570
      62.300       19.900        4.707       56.570
      62.400        9.900        4.707       56.570
      62.501        9.900        4.707       56.570
      62.601       19.900        4.707       56.570
      62.702       19.900        4.707       56.570
      62.802       19.900        4.707       56.570
      62.903        0.000        4.707       56.570
      63.003       19.900        4.707       56.570
      63.104       10.000        4.707       56.570
      63.204       19.900        4.707       56.570
      63.305       19.900        4.707       56.570
      63.405       19.900        4.707       56.570
      63.506        9.900        4.707       56.570
      63.606       29.900        4.707       56.570
      63.706       10.000        4.707       56.570
      63.807       19.900        4.707       56.570
      63.907       19.900        4.707       56.570
      64.008        9.900        4.707       56.570
      64.108       19.900        4.707       56.570
      64.209        9.900        4.707       56.570
      64.309       19.900        4.707       56.570
      64.410       10.000        4.707       56.570
      64.510       10.000        4.707       56.570
      64.611       19.900        4.707       56.570
      64.711       19.900        4.707       56.570
      64.812       19.900        4.707       56.570
      64.912       19.900        4.707       56.570
      65.012        9.900        4.707       56.570
      65.113        9.900        4.707       56.570
      65.214       29.800        4.707       56.570
      65.314       19.900        4.707       56.570
      65.414       10.000        4.707       56.570
      65.515        9.900        4.707       56.570
      65.615       10.000        4.707       56.570
      65.716       19.900        4.707       56.570
      65.816       19.900        4.707       56.570
      65.917        9.900        4.707       56.570
      66.017       19.900        4.707       56.570
      66.118       19.900        4.707       56.570
      66.218       19.900        4.707       56.570
      66.319       29.800        4.707       56.570
      66.419       10.000        4.707       56.570
      66.520        9.900        4.707       56.570
      66.620        9.900        4.707       56.570
      66.721       19.900        4.707       56.570
      66.821       10.000        4.707       56.570
      66.922       19.900        4.707       56.570
      67.022       19.900        4.707       56.570
      67.123       19.900        4.707       56.570
      67.223       10.000        4.707       56.570
      67.323       29.900        4.707       56.570
      67.424       10.000        4.707       56.570
      67.524        9.900        4.707       56.570
      67.625        9.900        4.707       56.570
      67.725       19.900        4.707       56.570
      67.826       19.900        4.707       56.570
      67.926       19.900        4.707       56.570
      68.027        9.900        4.707       56.570
      68.128        9.900        4.707       56.570
      68.228       19.900        4.707       56.570
      68.329       10.000        4.707       56.570
      68.429       19.900        4.707       56.570
      68.530        9.900        4.707       56.570
      68.630       19.900        4.707       56.570
      68.731       19.900        4.707       56.570
      68.831       10.000        4.707       56.570
      68.931       29.900        4.707       56.570
      69.032        9.900        4.707       56.570
      69.132        9.900        4.707       56.570
      69.233       29.900        4.707       56.570
      69.333       19.900        4.707       56.570
      69.434       10.000        4.707       56.570
      69.534       19.900        4.707       56.570
      69.634       10.000        4.707       56.570
      69.735       19.900        4.707       56.570
      69.836       19.900        4.707       56.570
      69.936       19.900        4.707       56.570
      70.037       10.000        4.707       56.570
      70.137        9.900        4.707       56.570
      70.238       19.900        4.707       56.570
      70.338       19.900        4.707       56.570
      70.439       19.900        4.707       56.570
      70.539       10.000        4.707       56.570
      70.639       10.000        4.707       56.570
      70.740       19.900        4.707       56.570
      70.840       19.900        4.707       56.570
      70.941       19.900        4.707       56.570
      71.041       10.000        4.707       56.570
      71.141       19.900        4.707       56.570
      71.242        9.900        4.707       56.570
      71.343       29.800        4.707       56.570
      71.443       10.000        4.707       56.570
      71.543       19.900        4.707       56.570
      71.644        9.900        4.707       56.570
      71.744       10.000        4.707       56.570
      71.845       29.900        4.707       56.570
      71.945       19.900        4.707       56.570
      72.046       10.000        4.707       56.570
      72.146       10.000        4.707       56.570
      72.246       10.000        4.707       56.570
      72.347       19.900        4.707       56.570
      72.447       19.900        4.707       56.570
      72.547       10.000        4.707       56.570
      72.648       10.000        4.707       56.570
      72.748       19.900        4.707       56.570
      72.849       10.000        4.707       56.570
      72.949       29.900        4.707       56.570
      73.050       10.000        4.707       56.570
      73.150       10.000        4.707       56.570
      73.250       19.900        4.707       56.570
      73.351        0.000        4.707       56.570
      73.451       19.900        4.707       56.570
      73.552       10.000        4.707       56.570
      73.652       19.900        4.707       56.570
      73.753       19.900        4.707       56.570
      73.853       10.000        4.707       56.570
      73.954       19.900        4.707       56.570
      74.054       10.000        4.707       56.570
      74.155        9.900        4.707       56.570
      74.255       19.900        4.707       56.570
      74.356       19.900        4.707       56.570
      74.456        9.900        4.707       56.570
      74.557       29.800        4.707       56.570
      74.657       10.000        4.707       56.570
      74.758       19.900        4.707       56.570
      74.858       19.900        4.707       56.570
      74.958       19.900        4.707       56.570
      75.059       19.900        4.707       56.570
      75.159       10.000        4.707       56.570
      75.260       10.000        4.707       56.570
      75.360       19.900        4.707       56.570
      75.460       10.000        4.707       56.570
      75.560       29.900        4.707       56.570
      75.661       10.000        4.707       56.570
      75.761       10.000        4.707       56.570
      75.862       19.900        4.707       56.570
      75.962       10.000        4.707       56.570
      76.063       19.900        4.707       56.570
      76.163       19.900        4.707       56.570
      76.263       10.000        4.707       56.570
      76.364       19.900        4.707       56.570
      76.464        9.900        4.707       56.570
      76.565       19.900        4.707       56.570
      76.665       19.900        4.707       56.570
      76.766       10.000        4.707       56.570
      76.866       19.900        4.707       56.570
      76.967       19.900        4.707       56.570
      77.067        9.900        4.707       56.570
      77.168       19.900        4.707       56.570
      77.268       10.000        4.707       56.570
      77.369       19.900        4.707       56.570
      77.469       19.900        4.707       56.570
      77.570       19.900        4.707       56.570
      77.670       10.000        4.707       56.570
      77.770        9.900        4.707       56.570
      77.871       19.900        4.707       56.570
      77.971       19.900        4.707       56.570
      78.072       19.900        4.707       56.570
      78.172       19.900        4.707       56.570
      78.273        9.900        4.707       56.570
      78.373        9.900        4.707       56.570
      78.474       19.900        4.707       56.570
      78.574       10.000        4.707       56.570
      78.675       19.900        4.707       56.570
      78.775       19.900        4.707       56.570
      78.875       19.900        4.707       56.570
      78.976        9.900        4.707       56.570
      79.077       19.900        4.707       56.570
      79.177       19.900        4.707       56.570
      79.277       19.900        4.707       56.570
      79.378        0.000        4.707       56.570
      79.478       29.900        4.707       56.570
      79.579       10.000        4.707       56.570
      79.679       19.900        4.707       56.570
      79.779       19.900        4.707       56.570
      79.880       10.000        4.707       56.570
      79.980       29.900        4.707       56.570
      80.081       10.000        4.707       56.570
      80.181        9.900        4.707       56.570
      80.282       19.900        4.707       56.570
      80.382       10.000        4.707       56.570
      80.482       19.900        4.707       56.570
      80.583       19.900        4.707       56.570
      80.683       19.900        4.707       56.570
      80.784       10.000        4.707       56.570
      80.884       10.000        4.707       56.570
      80.984       19.900        4.707       56.570
      81.085       10.000        4.707       56.570
      81.185       19.900        4.707       56.570
      81.286       19.900        4.707       56.570
      81.386       19.900        4.707       56.570
      81.486       19.900        4.707       56.570
      81.587       19.900        4.707       56.570
      81.688       19.900        4.707       56.570
      81.788        9.900        4.707       56.570
      81.889        0.000        4.707       56.570
      81.989       19.900        4.707       56.570
      82.089       29.900        4.707       56.570
      82.190       10.000        4.707       56.570
      82.290       19.900        4.707       56.570
      82.391       19.900        4.707       56.570
      82.491       10.000        4.707       56.570
      82.591       19.900        4.707       56.570
      82.692       19.900        4.707       56.570
      82.792        9.900        4.707       56.570
      82.893       10.000        4.707       56.570
      82.993       10.000        4.707       56.570
      83.094       29.800        4.707       56.570
      83.194       19.900        4.707       56.570
      83.295       10.000        4.707       56.570
      83.395       19.900        4.707       56.570
      83.496        9.900        4.707       56.570
      83.596        9.900        4.707       56.570
      83.697       19.900        4.707       56.570
      83.797       19.900        4.707       56.570
      83.898        9.900        4.707       56.570
      83.998       19.900        4.707       56.570
      84.099       19.900        4.707       56.570
      84.199       19.900        4.707       56.570
      84.300       19.900        4.707       56.570
      84.400        0.000        4.707       56.570
      84.501       19.900        4.707       56.570
      84.601       19.900        4.707       56.570
      84.702       29.800        4.707       56.570
      84.803        9.900        4.707       56.570
      84.903       19.900        4.707       56.570
      85.004        9.900        4.707       56.570
      85.104       29.900        4.707       56.570
      85.204       10.000        4.707       56.570
      85.305       19.900        4.707       56.570
      85.405       19.900        4.707       56.570
      85.506        9.900        4.707       56.570
      85.606       19.900        4.707       56.570
      85.707       19.900        4.707       56.570
      85.807        9.900        4.707       56.570
      85.908       19.900        4.707       56.570
      86.008        9.900        4.707       56.570
      86.109       19.900        4.707       56.570
      86.209       19.900        4.707       56.570
      86.309       10.000        4.707       56.570
      86.410       19.900        4.707       56.570
      86.510       19.900        4.707       56.570
      86.611       19.900        4.707       56.570
      86.711       19.900        4.707       56.570
      86.812       10.000        4.707       56.570
      86.912       19.900        4.707       56.570
      87.013       19.900        4.707       56.570
      87.113        9.900        4.707       56.570
      87.214       19.900        4.707       56.570
      87.314       19.900        4.707       56.570
      87.415       19.900        4.707       56.570
      87.515       10.000        4.707       56.570
      87.615       19.900        4.707       56.570
      87.716       19.900        4.707       56.570
      87.816       19.900        4.707       56.570
      87.917       10.000        4.707       56.570
      88.017        9.900        4.707       56.570
      88.118       19.900        4.707       56.570
      88.218       19.900        4.707       56.570
      88.319       10.000        4.707       56.570
      88.419        9.900        4.707       56.570
      88.520       19.900        4.707       56.570
      88.620        9.900        4.707       56.570
      88.721       19.900        4.707       56.570
      88.821       19.900        4.707       56.570
      88.922       10.000        4.707       56.570
      89.022       19.900        4.707       56.570
      89.123       19.900        4.707       56.570
      89.223        9.900        4.707       56.570
      89.324       19.900        4.707       56.570
      89.424       19.900        4.707       56.570
      89.525       10.000        4.707       56.570
      89.625       19.900        4.707       56.570
      89.726        9.900        4.707       56.570
      89.826       19.900        4.707       56.570
      89.927       19.900        4.707       56.570
      90.027       19.900        4.707       56.570
      90.128       19.900        4.707       56.570
      90.228       19.900        4.707       56.570
      90.329       10.000        4.707       56.570
      90.429        9.900        4.707       56.570
      90.530       10.000        4.707       56.570
      90.630       19.900        4.707       56.570
      90.730       19.900        4.707       56.570
      90.831       19.900        4.707       56.570
      90.932       10.000        4.707       56.570
      91.032       19.900        4.707       56.570
      91.132       19.900        4.707       56.570
      91.232       19.900        4.707       56.570
      91.333       19.900        4.707       56.570
      91.434       10.000        4.707       56.570
      91.534       19.900        4.707       56.570
      91.634       19.900        4.707       56.570
      91.735       19.900        4.707       56.570
      91.835       10.000        4.707       56.570
      91.936       19.900        4.707       56.570
      92.036       19.900        4.707       56.570
      92.137       10.000        4.707       56.570
      92.237       19.900        4.707       56.570
      92.337       10.000        4.707       56.570
      92.438       19.900        4.707       56.570
      92.538       19.900        4.707       56.570
      92.639       19.900        4.707       56.570
      92.739       19.900        4.707       56.570
      92.840       10.000        4.707       56.570
      92.940       19.900        4.707       56.570
      93.041       10.000        4.707       56.570
      93.141       19.900        4.707       56.570
      93.241       19.900        4.707       56.570
      93.342       19.900        4.707       56.570
      93.442        9.900        4.707       56.570
      93.543        9.900        4.707       56.570
      93.643        9.900        4.707       56.570
      93.744       19.900        4.707       56.570
      93.844       29.900        4.707       56.570
      93.945       10.000        4.707       56.570
      94.045       19.900        4.707       56.570
      94.146       19.900        4.707       56.570
      94.246       19.900        4.707       56.570
      94.347       19.900        4.707       56.570
      94.447       19.900        4.707       56.570
      94.548       10.000        4.707       56.570
      94.648       10.000        4.707       56.570
      94.749        9.900        4.707       56.570
      94.849       29.900        4.707       56.570
      94.950       19.900        4.707       56.570
      95.050        9.900        4.707       56.570
      95.151        9.900        4.707       56.570
      95.251       19.900        4.707       56.570
      95.352       19.900        4.707       56.570
      95.452       19.900        4.707       56.570
      95.553        9.900        4.707       56.570
      95.654       10.000        4.707       56.570
      95.754       19.900        4.707       56.570
      95.854       19.900        4.707       56.570
      95.955       10.000        4.707       56.570
      96.055       19.900        4.707       56.570
      96.156        9.900        4.707       56.570
      96.256       10.000        4.707       56.570
      96.356       29.900        4.707       56.570
      96.457       10.000        4.707       56.570
      96.557       19.900        4.707       56.570
      96.658       19.900        4.707       56.570
      96.758       19.900        4.707       56.570
      96.859       10.000        4.707       56.570
      96.959       19.900        4.707       56.570
      97.059       10.000        4.707       56.570
      97.160       19.900        4.707       56.570
      97.260       10.000        4.707       56.570
      97.361       19.900        4.707       56.570
      97.461       19.900        4.707       56.570
      97.562       19.900        4.707       56.570
      97.662       10.000        4.707       56.570
      97.762        9.900        4.707       56.570
      97.863       19.900        4.707       56.570
      97.964       19.900        4.707       56.570
      98.064       29.800        4.707       56.570
      98.165        9.900        4.707       56.570
      98.265        9.900        4.707       56.570
      98.366       29.800        4.707       56.570
      98.466       10.000        4.707       56.570
      98.567       19.900        4.707       56.570
      98.667        0.000        4.707       56.570
      98.768       19.900        4.707       56.570
      98.868       19.900        4.707       56.570
      98.968       10.000        4.707       56.570
      99.069       29.800        4.707       56.570
      99.170        9.900        4.707       56.570
      99.270       19.900        4.707       56.570
      99.371       19.900        4.707       56.570
      99.471        9.900        4.707       56.570
      99.572        9.900        4.707       56.570
      99.672       19.900        4.707       56.570
      99.773       10.000        4.707       56.570
      99.873       19.900        4.707       56.570
      99.974       19.900        4.707       56.570
