# Elapsed time   CPU (%)     Real (MB)   Virtual (MB)
       0.000        0.000        2.484       15.730
       0.101        0.000        2.484       15.730
       0.201        0.000        2.484       15.730
       0.301        0.000        2.484       15.730
       0.402        0.000        2.484       15.730
       0.502        0.000        2.484       15.730
       0.602        0.000        2.484       15.730
       0.703        0.000        2.484       15.730
       0.803        0.000        2.484       15.730
       0.903        0.000        2.484       15.730
       1.004        0.000        2.484       15.730
       1.104        0.000        2.484       15.730
       1.204        0.000        2.484       15.730
       1.305        0.000        2.484       15.730
       1.405        0.000        2.484       15.730
       1.506        0.000        2.484       15.730
       1.606        0.000        2.484       15.730
       1.707        0.000        2.484       15.730
       1.807        0.000        2.484       15.730
       1.907        0.000        2.484       15.730
       2.008        0.000        2.484       15.730
       2.108        0.000        2.484       15.730
       2.208        0.000        2.484       15.730
       2.309        0.000        2.484       15.730
       2.409        0.000        2.484       15.730
       2.510        0.000        2.484       15.730
       2.610        0.000        2.484       15.730
       2.711        0.000        2.484       15.730
       2.811        0.000        2.484       15.730
       2.912        0.000        2.484       15.730
       3.012        0.000        2.484       15.730
       3.113        0.000        2.484       15.730
       3.213        0.000        2.484       15.730
       3.314        0.000        2.484       15.730
       3.414        0.000        2.484       15.730
       3.517        0.000        2.484       15.730
       3.617        0.000        2.484       15.730
       3.717        0.000        2.484       15.730
       3.818        0.000        2.484       15.730
       3.918        0.000        2.484       15.730
       4.019        0.000        2.484       15.730
       4.119        0.000        2.484       15.730
       4.219        0.000        2.484       15.730
       4.320        0.000        2.484       15.730
       4.420        0.000        2.484       15.730
       4.521        0.000        2.484       15.730
       4.621        0.000        2.484       15.730
       4.721        0.000        2.484       15.730
       4.822        0.000        2.484       15.730
       4.922        0.000        2.484       15.730
       5.023        0.000        2.484       15.730
       5.123        0.000        2.484       15.730
       5.223        0.000        2.484       15.730
       5.324        0.000        2.484       15.730
       5.424        0.000        2.484       15.730
       5.524        0.000        2.484       15.730
       5.625        0.000        2.484       15.730
       5.725        0.000        2.484       15.730
       5.826        0.000        2.484       15.730
       5.926        0.000        2.484       15.730
       6.026        0.000        2.484       15.730
       6.127        0.000        2.484       15.730
       6.227        0.000        2.484       15.730
       6.329        0.000        2.484       15.730
       6.429        0.000        2.484       15.730
       6.529        0.000        2.484       15.730
       6.630        0.000        2.484       15.730
       6.730        0.000        2.484       15.730
       6.830        0.000        2.484       15.730
       6.931        0.000        2.484       15.730
       7.031        0.000        2.484       15.730
       7.132        0.000        2.484       15.730
       7.232        0.000        2.484       15.730
       7.333        0.000        2.484       15.730
       7.433        0.000        2.484       15.730
       7.534        0.000        2.484       15.730
       7.634        0.000        2.484       15.730
       7.735        0.000        2.484       15.730
       7.835        0.000        2.484       15.730
       7.935        0.000        2.484       15.730
       8.036        0.000        2.484       15.730
       8.136        0.000        2.484       15.730
       8.237        0.000        2.484       15.730
       8.337        0.000        2.484       15.730
       8.437        0.000        2.484       15.730
       8.538        0.000        2.484       15.730
       8.638        0.000        2.484       15.730
       8.738        0.000        2.484       15.730
       8.839        0.000        2.484       15.730
       8.939        0.000        2.484       15.730
       9.040        0.000        2.484       15.730
       9.140        0.000        2.484       15.730
       9.240        0.000        2.484       15.730
       9.341        0.000        2.484       15.730
       9.441        0.000        2.484       15.730
       9.542        0.000        2.484       15.730
       9.642        0.000        2.484       15.730
       9.742        0.000        2.484       15.730
       9.843        0.000        2.484       15.730
       9.943        0.000        2.484       15.730
      10.043        0.000        2.484       15.730
      10.144        0.000        2.484       15.730
      10.244        0.000        2.484       15.730
      10.345        0.000        2.484       15.730
      10.445        0.000        2.484       15.730
      10.545        0.000        2.484       15.730
      10.646        0.000        2.484       15.730
      10.746        0.000        2.484       15.730
      10.847        0.000        2.484       15.730
      10.947        0.000        2.484       15.730
      11.047        0.000        2.484       15.730
      11.148        0.000        2.484       15.730
      11.248        0.000        2.484       15.730
      11.348        0.000        2.484       15.730
      11.449        0.000        2.484       15.730
      11.549        0.000        2.484       15.730
      11.650        0.000        2.484       15.730
      11.750        0.000        2.484       15.730
      11.851        0.000        2.484       15.730
      11.951        0.000        2.484       15.730
      12.052        0.000        2.484       15.730
      12.152        0.000        2.484       15.730
      12.252        0.000        2.484       15.730
      12.353        0.000        2.484       15.730
      12.453        0.000        2.484       15.730
      12.554        0.000        2.484       15.730
      12.654        0.000        2.484       15.730
      12.755        0.000        2.484       15.730
      12.855        0.000        2.484       15.730
      12.955        0.000        2.484       15.730
      13.056        0.000        2.484       15.730
      13.156        0.000        2.484       15.730
      13.257        0.000        2.484       15.730
      13.357        0.000        2.484       15.730
      13.457        0.000        2.484       15.730
      13.558        0.000        2.484       15.730
      13.658        0.000        2.484       15.730
      13.758        0.000        2.484       15.730
      13.859        0.000        2.484       15.730
      13.959        0.000        2.484       15.730
      14.060        0.000        2.484       15.730
      14.160        0.000        2.484       15.730
      14.260        0.000        2.484       15.730
      14.360        0.000        2.484       15.730
      14.461        0.000        2.484       15.730
      14.561        0.000        2.484       15.730
      14.662        0.000        2.484       15.730
      14.762        0.000        2.484       15.730
      14.862        0.000        2.484       15.730
      14.963        0.000        2.484       15.730
      15.063        0.000        2.484       15.730
      15.163        0.000        2.484       15.730
      15.264        0.000        2.484       15.730
      15.364        0.000        2.484       15.730
      15.464        0.000        2.484       15.730
      15.565        0.000        2.484       15.730
      15.665        0.000        2.484       15.730
      15.765        0.000        2.484       15.730
      15.866        0.000        2.484       15.730
      15.967        0.000        2.484       15.730
      16.067        0.000        2.484       15.730
      16.167        0.000        2.484       15.730
      16.268        0.000        2.484       15.730
      16.368        0.000        2.484       15.730
      16.469        0.000        2.484       15.730
      16.569        0.000        2.484       15.730
      16.670        0.000        2.484       15.730
      16.770        0.000        2.484       15.730
      16.871        0.000        2.484       15.730
      16.971        0.000        2.484       15.730
      17.071        0.000        2.484       15.730
      17.172        0.000        2.484       15.730
      17.272        0.000        2.484       15.730
      17.372        0.000        2.484       15.730
      17.473        0.000        2.484       15.730
      17.573        0.000        2.484       15.730
      17.674        0.000        2.484       15.730
      17.774        0.000        2.484       15.730
      17.874        0.000        2.484       15.730
      17.975        0.000        2.484       15.730
      18.075        0.000        2.484       15.730
      18.175        0.000        2.484       15.730
      18.276        0.000        2.484       15.730
      18.376        0.000        2.484       15.730
      18.477        0.000        2.484       15.730
      18.577        0.000        2.484       15.730
      18.678        0.000        2.484       15.730
      18.778        0.000        2.484       15.730
      18.878        0.000        2.484       15.730
      18.979        0.000        2.484       15.730
      19.079        0.000        2.484       15.730
      19.179        0.000        2.484       15.730
      19.280        0.000        2.484       15.730
      19.380        0.000        2.484       15.730
      19.481        0.000        2.484       15.730
      19.581        0.000        2.484       15.730
      19.681        0.000        2.484       15.730
      19.782        0.000        2.484       15.730
      19.882        0.000        2.484       15.730
      19.983        0.000        2.484       15.730
      20.083        0.000        2.484       15.730
      20.184        0.000        2.484       15.730
      20.284        0.000        2.484       15.730
      20.384        0.000        2.484       15.730
      20.485        0.000        2.484       15.730
      20.585        0.000        2.484       15.730
      20.686        0.000        2.484       15.730
      20.786        0.000        2.484       15.730
      20.887        0.000        2.484       15.730
      20.987        0.000        2.484       15.730
      21.088        0.000        2.484       15.730
      21.188        0.000        2.484       15.730
      21.289        0.000        2.484       15.730
      21.389        0.000        2.484       15.730
      21.489        0.000        2.484       15.730
      21.590        0.000        2.484       15.730
      21.690        0.000        2.484       15.730
      21.791        0.000        2.484       15.730
      21.891        0.000        2.484       15.730
      21.992        0.000        2.484       15.730
      22.092        0.000        2.484       15.730
      22.193        0.000        2.484       15.730
      22.293        0.000        2.484       15.730
      22.393        0.000        2.484       15.730
      22.494        0.000        2.484       15.730
      22.594        0.000        2.484       15.730
      22.695        0.000        2.484       15.730
      22.795        0.000        2.484       15.730
      22.895        0.000        2.484       15.730
      22.996        0.000        2.484       15.730
      23.096        0.000        2.484       15.730
      23.197        0.000        2.484       15.730
      23.297        0.000        2.484       15.730
      23.397        0.000        2.484       15.730
      23.498        0.000        2.484       15.730
      23.598        0.000        2.484       15.730
      23.699        0.000        2.484       15.730
      23.799        0.000        2.484       15.730
      23.899        0.000        2.484       15.730
      24.000        0.000        2.484       15.730
      24.100        0.000        2.484       15.730
      24.201        0.000        2.484       15.730
      24.301        0.000        2.484       15.730
      24.402        0.000        2.484       15.730
      24.502        0.000        2.484       15.730
      24.603        0.000        2.484       15.730
      24.703        0.000        2.484       15.730
      24.803        0.000        2.484       15.730
      24.904        0.000        2.484       15.730
      25.004        0.000        2.484       15.730
      25.105        0.000        2.484       15.730
      25.205        0.000        2.484       15.730
      25.306        0.000        2.484       15.730
      25.406        0.000        2.484       15.730
      25.507        0.000        2.484       15.730
      25.607        0.000        2.484       15.730
      25.707        0.000        2.484       15.730
      25.808        0.000        2.484       15.730
      25.908        0.000        2.484       15.730
      26.009        0.000        2.484       15.730
      26.109        0.000        2.484       15.730
      26.209        0.000        2.484       15.730
      26.309        0.000        2.484       15.730
      26.410        0.000        2.484       15.730
      26.510        0.000        2.484       15.730
      26.611        0.000        2.484       15.730
      26.711        0.000        2.484       15.730
      26.812        0.000        2.484       15.730
      26.912        0.000        2.484       15.730
      27.012        0.000        2.484       15.730
      27.113        0.000        2.484       15.730
      27.213        0.000        2.484       15.730
      27.314        0.000        2.484       15.730
      27.414        0.000        2.484       15.730
      27.514        0.000        2.484       15.730
      27.615        0.000        2.484       15.730
      27.715        0.000        2.484       15.730
      27.815        0.000        2.484       15.730
      27.916        0.000        2.484       15.730
      28.016        0.000        2.484       15.730
      28.117        0.000        2.484       15.730
      28.217        0.000        2.484       15.730
      28.317        0.000        2.484       15.730
      28.418        0.000        2.484       15.730
      28.518        0.000        2.484       15.730
      28.619        0.000        2.484       15.730
      28.720        0.000        2.484       15.730
      28.820        0.000        2.484       15.730
      28.920        0.000        2.484       15.730
      29.021        0.000        2.484       15.730
      29.121        0.000        2.484       15.730
      29.222        0.000        2.484       15.730
      29.322        0.000        2.484       15.730
      29.423        0.000        2.484       15.730
      29.523        0.000        2.484       15.730
      29.624        0.000        2.484       15.730
      29.724        0.000        2.484       15.730
      29.824        0.000        2.484       15.730
      29.925        0.000        2.484       15.730
      30.025        0.000        2.484       15.730
      30.125        0.000        2.484       15.730
      30.226        0.000        2.484       15.730
      30.326        0.000        2.484       15.730
      30.427        0.000        2.484       15.730
      30.527        0.000        2.484       15.730
      30.627        0.000        2.484       15.730
      30.728        0.000        2.484       15.730
      30.828        0.000        2.484       15.730
      30.930        0.000        2.484       15.730
      31.030        0.000        2.484       15.730
      31.131        0.000        2.484       15.730
      31.233        0.000        2.484       15.730
      31.334        0.000        2.484       15.730
      31.434        0.000        2.484       15.730
      31.534        0.000        2.484       15.730
      31.635        0.000        2.484       15.730
      31.735        0.000        2.484       15.730
      31.837        0.000        2.484       15.730
      31.938        0.000        2.484       15.730
      32.039        0.000        2.484       15.730
      32.140        0.000        2.484       15.730
      32.240        0.000        2.484       15.730
      32.341        0.000        2.484       15.730
      32.441        0.000        2.484       15.730
      32.542        0.000        2.484       15.730
      32.642        0.000        2.484       15.730
      32.743        0.000        2.484       15.730
      32.843        0.000        2.484       15.730
      32.943        0.000        2.484       15.730
      33.044        0.000        2.484       15.730
      33.144        0.000        2.484       15.730
      33.245        0.000        2.484       15.730
      33.345        0.000        2.484       15.730
      33.446        0.000        2.484       15.730
      33.547        0.000        2.484       15.730
      33.647        0.000        2.484       15.730
      33.748        0.000        2.484       15.730
      33.848        0.000        2.484       15.730
      33.949        0.000        2.484       15.730
      34.049        0.000        2.484       15.730
      34.150        0.000        2.484       15.730
      34.250        0.000        2.484       15.730
      34.351        0.000        2.484       15.730
      34.451        0.000        2.484       15.730
      34.551        0.000        2.484       15.730
      34.652        0.000        2.484       15.730
      34.752        0.000        2.484       15.730
      34.853        0.000        2.484       15.730
      34.953        0.000        2.484       15.730
      35.054        0.000        2.484       15.730
      35.154        0.000        2.484       15.730
      35.255        0.000        2.484       15.730
      35.355        0.000        2.484       15.730
      35.456        0.000        2.484       15.730
      35.556        0.000        2.484       15.730
      35.656        0.000        2.484       15.730
      35.757        0.000        2.484       15.730
      35.858        0.000        2.484       15.730
      35.958        0.000        2.484       15.730
      36.059        0.000        2.484       15.730
      36.159        0.000        2.484       15.730
      36.260        0.000        2.484       15.730
      36.360        0.000        2.484       15.730
      36.461        0.000        2.484       15.730
      36.561        0.000        2.484       15.730
      36.661        0.000        2.484       15.730
      36.762        0.000        2.484       15.730
      36.862        0.000        2.484       15.730
      36.962        0.000        2.484       15.730
      37.063        0.000        2.484       15.730
      37.163        0.000        2.484       15.730
      37.264        0.000        2.484       15.730
      37.364        0.000        2.484       15.730
      37.465        0.000        2.484       15.730
      37.566        0.000        2.484       15.730
      37.666        0.000        2.484       15.730
      37.767        0.000        2.484       15.730
      37.867        0.000        2.484       15.730
      37.967        0.000        2.484       15.730
      38.068        0.000        2.484       15.730
      38.168        0.000        2.484       15.730
      38.269        0.000        2.484       15.730
      38.369        0.000        2.484       15.730
      38.470        0.000        2.484       15.730
      38.570        0.000        2.484       15.730
      38.671        0.000        2.484       15.730
      38.772        0.000        2.484       15.730
      38.872        0.000        2.484       15.730
      38.972        0.000        2.484       15.730
      39.073        0.000        2.484       15.730
      39.174        0.000        2.484       15.730
      39.274        0.000        2.484       15.730
      39.375        0.000        2.484       15.730
      39.475        0.000        2.484       15.730
      39.576        0.000        2.484       15.730
      39.676        0.000        2.484       15.730
      39.776        0.000        2.484       15.730
      39.877        0.000        2.484       15.730
      39.978        0.000        2.484       15.730
      40.079        0.000        2.484       15.730
      40.180        0.000        2.484       15.730
      40.280        0.000        2.484       15.730
      40.380        0.000        2.484       15.730
      40.481        0.000        2.484       15.730
      40.581        0.000        2.484       15.730
      40.682        0.000        2.484       15.730
      40.782        0.000        2.484       15.730
      40.883        0.000        2.484       15.730
      40.983        0.000        2.484       15.730
      41.083        0.000        2.484       15.730
      41.184        0.000        2.484       15.730
      41.284        0.000        2.484       15.730
      41.385        0.000        2.484       15.730
      41.485        0.000        2.484       15.730
      41.586        0.000        2.484       15.730
      41.686        0.000        2.484       15.730
      41.787        0.000        2.484       15.730
      41.887        0.000        2.484       15.730
      41.988        0.000        2.484       15.730
      42.088        0.000        2.484       15.730
      42.195        0.000        2.484       15.730
      42.295        0.000        2.484       15.730
      42.396        0.000        2.484       15.730
      42.496        0.000        2.484       15.730
      42.598        0.000        2.484       15.730
      42.698        0.000        2.484       15.730
      42.799        0.000        2.484       15.730
      42.900        0.000        2.484       15.730
      43.004        0.000        2.484       15.730
      43.104        0.000        2.484       15.730
      43.205        0.000        2.484       15.730
      43.308        0.000        2.484       15.730
      43.408        0.000        2.484       15.730
      43.509        0.000        2.484       15.730
      43.609        0.000        2.484       15.730
      43.710        0.000        2.484       15.730
      43.810        0.000        2.484       15.730
      43.910        0.000        2.484       15.730
      44.011        0.000        2.484       15.730
      44.111        0.000        2.484       15.730
      44.212        0.000        2.484       15.730
      44.312        0.000        2.484       15.730
      44.412        0.000        2.484       15.730
      44.513        0.000        2.484       15.730
      44.613        0.000        2.484       15.730
      44.713        0.000        2.484       15.730
      44.814        0.000        2.484       15.730
      44.914        0.000        2.484       15.730
      45.015        0.000        2.484       15.730
      45.115        0.000        2.484       15.730
      45.216        0.000        2.484       15.730
      45.316        0.000        2.484       15.730
      45.417        0.000        2.484       15.730
      45.517        0.000        2.484       15.730
      45.618        0.000        2.484       15.730
      45.718        0.000        2.484       15.730
      45.819        0.000        2.484       15.730
      45.919        0.000        2.484       15.730
      46.020        0.000        2.484       15.730
      46.120        0.000        2.484       15.730
      46.221        0.000        2.484       15.730
      46.321        0.000        2.484       15.730
      46.421        0.000        2.484       15.730
      46.522        0.000        2.484       15.730
      46.622        0.000        2.484       15.730
      46.723        0.000        2.484       15.730
      46.823        0.000        2.484       15.730
      46.923        0.000        2.484       15.730
      47.024        0.000        2.484       15.730
      47.124        0.000        2.484       15.730
      47.225        0.000        2.484       15.730
      47.325        0.000        2.484       15.730
      47.425        0.000        2.484       15.730
      47.526        0.000        2.484       15.730
      47.626        0.000        2.484       15.730
      47.727        0.000        2.484       15.730
      47.827        0.000        2.484       15.730
      47.927        0.000        2.484       15.730
      48.028        0.000        2.484       15.730
      48.128        0.000        2.484       15.730
      48.228        0.000        2.484       15.730
      48.329        0.000        2.484       15.730
      48.429        0.000        2.484       15.730
      48.530        0.000        2.484       15.730
      48.630        0.000        2.484       15.730
      48.731        0.000        2.484       15.730
      48.831        0.000        2.484       15.730
      48.931        0.000        2.484       15.730
      49.032        0.000        2.484       15.730
      49.132        0.000        2.484       15.730
      49.233        0.000        2.484       15.730
      49.333        0.000        2.484       15.730
      49.434        0.000        2.484       15.730
      49.534        0.000        2.484       15.730
      49.635        0.000        2.484       15.730
      49.735        0.000        2.484       15.730
      49.836        0.000        2.484       15.730
      49.936        0.000        2.484       15.730
      50.037        0.000        2.484       15.730
      50.137        0.000        2.484       15.730
      50.238        0.000        2.484       15.730
      50.338        0.000        2.484       15.730
      50.439        0.000        2.484       15.730
      50.539        0.000        2.484       15.730
      50.639        0.000        2.484       15.730
      50.740        0.000        2.484       15.730
      50.840        0.000        2.484       15.730
      50.941        0.000        2.484       15.730
      51.041        0.000        2.484       15.730
      51.142        0.000        2.484       15.730
      51.242        0.000        2.484       15.730
      51.343        0.000        2.484       15.730
      51.443        0.000        2.484       15.730
      51.544        0.000        2.484       15.730
      51.644        0.000        2.484       15.730
      51.745        0.000        2.484       15.730
      51.845        0.000        2.484       15.730
      51.945        0.000        2.484       15.730
      52.046        0.000        2.484       15.730
      52.146        0.000        2.484       15.730
      52.247        0.000        2.484       15.730
      52.347        0.000        2.484       15.730
      52.447        0.000        2.484       15.730
      52.548        0.000        2.484       15.730
      52.648        0.000        2.484       15.730
      52.749        0.000        2.484       15.730
      52.849        0.000        2.484       15.730
      52.950        0.000        2.484       15.730
      53.052        0.000        2.484       15.730
      53.153        0.000        2.484       15.730
      53.254        0.000        2.484       15.730
      53.354        0.000        2.484       15.730
      53.458        0.000        2.484       15.730
      53.558        0.000        2.484       15.730
      53.658        0.000        2.484       15.730
      53.759        0.000        2.484       15.730
      53.859        0.000        2.484       15.730
      53.960        0.000        2.484       15.730
      54.060        0.000        2.484       15.730
      54.161        0.000        2.484       15.730
      54.261        0.000        2.484       15.730
      54.362        0.000        2.484       15.730
      54.462        0.000        2.484       15.730
      54.562        0.000        2.484       15.730
      54.663        0.000        2.484       15.730
      54.763        0.000        2.484       15.730
      54.864        0.000        2.484       15.730
      54.964        0.000        2.484       15.730
      55.064        0.000        2.484       15.730
      55.165        0.000        2.484       15.730
      55.265        0.000        2.484       15.730
      55.366        0.000        2.484       15.730
      55.466        0.000        2.484       15.730
      55.566        0.000        2.484       15.730
      55.667        0.000        2.484       15.730
      55.767        0.000        2.484       15.730
      55.868        0.000        2.484       15.730
      55.968        0.000        2.484       15.730
      56.068        0.000        2.484       15.730
      56.169        0.000        2.484       15.730
      56.269        0.000        2.484       15.730
      56.369        0.000        2.484       15.730
      56.470        0.000        2.484       15.730
      56.570        0.000        2.484       15.730
      56.671        0.000        2.484       15.730
      56.771        0.000        2.484       15.730
      56.871        0.000        2.484       15.730
      56.972        0.000        2.484       15.730
      57.072        0.000        2.484       15.730
      57.172        0.000        2.484       15.730
      57.273        0.000        2.484       15.730
      57.373        0.000        2.484       15.730
      57.474        0.000        2.484       15.730
      57.574        0.000        2.484       15.730
      57.674        0.000        2.484       15.730
      57.775        0.000        2.484       15.730
      57.875        0.000        2.484       15.730
      57.975        0.000        2.484       15.730
      58.076        0.000        2.484       15.730
      58.176        0.000        2.484       15.730
      58.277        0.000        2.484       15.730
      58.377        0.000        2.484       15.730
      58.477        0.000        2.484       15.730
      58.578        0.000        2.484       15.730
      58.679        0.000        2.484       15.730
      58.779        0.000        2.484       15.730
      58.880        0.000        2.484       15.730
      58.980        0.000        2.484       15.730
      59.081        0.000        2.484       15.730
      59.181        0.000        2.484       15.730
      59.281        0.000        2.484       15.730
      59.382        0.000        2.484       15.730
      59.482        0.000        2.484       15.730
      59.582        0.000        2.484       15.730
      59.683        0.000        2.484       15.730
      59.783        0.000        2.484       15.730
      59.883        0.000        2.484       15.730
      59.984        0.000        2.484       15.730
      60.084        0.000        2.484       15.730
      60.184        0.000        2.484       15.730
      60.285        0.000        2.484       15.730
      60.385        0.000        2.484       15.730
      60.485        0.000        2.484       15.730
      60.586        0.000        2.484       15.730
      60.686        0.000        2.484       15.730
      60.787        0.000        2.484       15.730
      60.887        0.000        2.484       15.730
      60.988        0.000        2.484       15.730
      61.088        0.000        2.484       15.730
      61.188        0.000        2.484       15.730
      61.289        0.000        2.484       15.730
      61.389        0.000        2.484       15.730
      61.489        0.000        2.484       15.730
      61.590        0.000        2.484       15.730
      61.690        0.000        2.484       15.730
      61.791        0.000        2.484       15.730
      61.891        0.000        2.484       15.730
      61.992        0.000        2.484       15.730
      62.092        0.000        2.484       15.730
      62.193        0.000        2.484       15.730
      62.293        0.000        2.484       15.730
      62.394        0.000        2.484       15.730
      62.494        0.000        2.484       15.730
      62.595        0.000        2.484       15.730
      62.695        0.000        2.484       15.730
      62.796        0.000        2.484       15.730
      62.896        0.000        2.484       15.730
      62.997        0.000        2.484       15.730
      63.097        0.000        2.484       15.730
      63.198        0.000        2.484       15.730
      63.298        0.000        2.484       15.730
      63.399        0.000        2.484       15.730
      63.499        0.000        2.484       15.730
      63.600        0.000        2.484       15.730
      63.700        0.000        2.484       15.730
      63.800        0.000        2.484       15.730
      63.901        0.000        2.484       15.730
      64.001        0.000        2.484       15.730
      64.102        0.000        2.484       15.730
      64.202        0.000        2.484       15.730
      64.302        0.000        2.484       15.730
      64.403        0.000        2.484       15.730
      64.503        0.000        2.484       15.730
      64.604        0.000        2.484       15.730
      64.704        0.000        2.484       15.730
      64.805        0.000        2.484       15.730
      64.905        0.000        2.484       15.730
      65.005        0.000        2.484       15.730
      65.106        0.000        2.484       15.730
      65.206        0.000        2.484       15.730
      65.306        0.000        2.484       15.730
      65.407        0.000        2.484       15.730
      65.507        0.000        2.484       15.730
      65.608        0.000        2.484       15.730
      65.708        0.000        2.484       15.730
      65.809        0.000        2.484       15.730
      65.909        0.000        2.484       15.730
      66.009        0.000        2.484       15.730
      66.110        0.000        2.484       15.730
      66.210        0.000        2.484       15.730
      66.311        0.000        2.484       15.730
      66.411        0.000        2.484       15.730
      66.512        0.000        2.484       15.730
      66.613        0.000        2.484       15.730
      66.714        0.000        2.484       15.730
      66.814        0.000        2.484       15.730
      66.914        0.000        2.484       15.730
      67.015        0.000        2.484       15.730
      67.116        0.000        2.484       15.730
      67.216        0.000        2.484       15.730
      67.316        0.000        2.484       15.730
      67.417        0.000        2.484       15.730
      67.518        0.000        2.484       15.730
      67.618        0.000        2.484       15.730
      67.719        0.000        2.484       15.730
      67.819        0.000        2.484       15.730
      67.920        0.000        2.484       15.730
      68.020        0.000        2.484       15.730
      68.120        0.000        2.484       15.730
      68.221        0.000        2.484       15.730
      68.326        0.000        2.484       15.730
      68.433        0.000        2.484       15.730
      68.533        0.000        2.484       15.730
      68.634        0.000        2.484       15.730
      68.734        0.000        2.484       15.730
      68.835        0.000        2.484       15.730
      68.936        0.000        2.484       15.730
      69.036        0.000        2.484       15.730
      69.137        0.000        2.484       15.730
      69.237        0.000        2.484       15.730
      69.337        0.000        2.484       15.730
      69.438        0.000        2.484       15.730
      69.538        0.000        2.484       15.730
      69.639        0.000        2.484       15.730
      69.739        0.000        2.484       15.730
      69.840        0.000        2.484       15.730
      69.942        0.000        2.484       15.730
      70.042        0.000        2.484       15.730
      70.143        0.000        2.484       15.730
      70.244        0.000        2.484       15.730
      70.345        0.000        2.484       15.730
      70.446        0.000        2.484       15.730
      70.548        0.000        2.484       15.730
      70.649        0.000        2.484       15.730
      70.749        0.000        2.484       15.730
      70.850        0.000        2.484       15.730
      70.950        0.000        2.484       15.730
      71.050        0.000        2.484       15.730
      71.151        0.000        2.484       15.730
      71.251        0.000        2.484       15.730
      71.351        0.000        2.484       15.730
      71.452        0.000        2.484       15.730
      71.552        0.000        2.484       15.730
      71.653        0.000        2.484       15.730
      71.755        0.000        2.484       15.730
      71.855        0.000        2.484       15.730
      71.956        0.000        2.484       15.730
      72.056        0.000        2.484       15.730
      72.157        0.000        2.484       15.730
      72.258        0.000        2.484       15.730
      72.358        0.000        2.484       15.730
      72.458        0.000        2.484       15.730
      72.559        0.000        2.484       15.730
      72.659        0.000        2.484       15.730
      72.759        0.000        2.484       15.730
      72.860        0.000        2.484       15.730
      72.960        0.000        2.484       15.730
      73.061        0.000        2.484       15.730
      73.161        0.000        2.484       15.730
      73.261        0.000        2.484       15.730
      73.362        0.000        2.484       15.730
      73.462        0.000        2.484       15.730
      73.562        0.000        2.484       15.730
      73.663        0.000        2.484       15.730
      73.763        0.000        2.484       15.730
      73.864        0.000        2.484       15.730
      73.964        0.000        2.484       15.730
      74.065        0.000        2.484       15.730
      74.165        0.000        2.484       15.730
      74.265        0.000        2.484       15.730
      74.366        0.000        2.484       15.730
      74.466        0.000        2.484       15.730
      74.566        0.000        2.484       15.730
      74.667        0.000        2.484       15.730
      74.767        0.000        2.484       15.730
      74.869        0.000        2.484       15.730
      74.971        0.000        2.484       15.730
      75.071        0.000        2.484       15.730
      75.172        0.000        2.484       15.730
      75.273        0.000        2.484       15.730
      75.373        0.000        2.484       15.730
      75.473        0.000        2.484       15.730
      75.574        0.000        2.484       15.730
      75.674        0.000        2.484       15.730
      75.775        0.000        2.484       15.730
      75.875        0.000        2.484       15.730
      75.976        0.000        2.484       15.730
      76.076        0.000        2.484       15.730
      76.177        0.000        2.484       15.730
      76.277        0.000        2.484       15.730
      76.378        0.000        2.484       15.730
      76.478        0.000        2.484       15.730
      76.579        0.000        2.484       15.730
      76.679        0.000        2.484       15.730
      76.779        0.000        2.484       15.730
      76.880        0.000        2.484       15.730
      76.980        0.000        2.484       15.730
      77.080        0.000        2.484       15.730
      77.181        0.000        2.484       15.730
      77.281        0.000        2.484       15.730
      77.382        0.000        2.484       15.730
      77.482        0.000        2.484       15.730
      77.582        0.000        2.484       15.730
      77.683        0.000        2.484       15.730
      77.783        0.000        2.484       15.730
      77.883        0.000        2.484       15.730
      77.984        0.000        2.484       15.730
      78.084        0.000        2.484       15.730
      78.185        0.000        2.484       15.730
      78.285        0.000        2.484       15.730
      78.385        0.000        2.484       15.730
      78.486        0.000        2.484       15.730
      78.586        0.000        2.484       15.730
      78.686        0.000        2.484       15.730
      78.787        0.000        2.484       15.730
      78.887        0.000        2.484       15.730
      78.988        0.000        2.484       15.730
      79.088        0.000        2.484       15.730
      79.189        0.000        2.484       15.730
      79.289        0.000        2.484       15.730
      79.390        0.000        2.484       15.730
      79.490        0.000        2.484       15.730
      79.590        0.000        2.484       15.730
      79.691        0.000        2.484       15.730
      79.791        0.000        2.484       15.730
      79.892        0.000        2.484       15.730
      79.992        0.000        2.484       15.730
      80.093        0.000        2.484       15.730
      80.193        0.000        2.484       15.730
      80.293        0.000        2.484       15.730
      80.394        0.000        2.484       15.730
      80.494        0.000        2.484       15.730
      80.594        0.000        2.484       15.730
      80.695        0.000        2.484       15.730
      80.795        0.000        2.484       15.730
      80.895        0.000        2.484       15.730
      80.996        0.000        2.484       15.730
      81.096        0.000        2.484       15.730
      81.196        0.000        2.484       15.730
      81.297        0.000        2.484       15.730
      81.398        0.000        2.484       15.730
      81.499        0.000        2.484       15.730
      81.599        0.000        2.484       15.730
      81.699        0.000        2.484       15.730
      81.800        0.000        2.484       15.730
      81.900        0.000        2.484       15.730
      82.001        0.000        2.484       15.730
      82.101        0.000        2.484       15.730
      82.202        0.000        2.484       15.730
      82.302        0.000        2.484       15.730
      82.402        0.000        2.484       15.730
      82.503        0.000        2.484       15.730
      82.603        0.000        2.484       15.730
      82.704        0.000        2.484       15.730
      82.804        0.000        2.484       15.730
      82.904        0.000        2.484       15.730
      83.005        0.000        2.484       15.730
      83.105        0.000        2.484       15.730
      83.205        0.000        2.484       15.730
      83.306        0.000        2.484       15.730
      83.406        0.000        2.484       15.730
      83.507        0.000        2.484       15.730
      83.607        0.000        2.484       15.730
      83.708        0.000        2.484       15.730
      83.808        0.000        2.484       15.730
      83.909        0.000        2.484       15.730
      84.009        0.000        2.484       15.730
      84.112        0.000        2.484       15.730
      84.212        0.000        2.484       15.730
      84.312        0.000        2.484       15.730
      84.413        0.000        2.484       15.730
      84.513        0.000        2.484       15.730
      84.614        0.000        2.484       15.730
      84.714        0.000        2.484       15.730
      84.814        0.000        2.484       15.730
      84.915        0.000        2.484       15.730
      85.015        0.000        2.484       15.730
      85.116        0.000        2.484       15.730
      85.216        0.000        2.484       15.730
      85.317        0.000        2.484       15.730
      85.417        0.000        2.484       15.730
      85.517        0.000        2.484       15.730
      85.618        0.000        2.484       15.730
      85.718        0.000        2.484       15.730
      85.818        0.000        2.484       15.730
      85.919        0.000        2.484       15.730
      86.019        0.000        2.484       15.730
      86.120        0.000        2.484       15.730
      86.220        0.000        2.484       15.730
      86.321        0.000        2.484       15.730
      86.421        0.000        2.484       15.730
      86.521        0.000        2.484       15.730
      86.622        0.000        2.484       15.730
      86.722        0.000        2.484       15.730
      86.823        0.000        2.484       15.730
      86.923        0.000        2.484       15.730
      87.024        0.000        2.484       15.730
      87.124        0.000        2.484       15.730
      87.224        0.000        2.484       15.730
      87.325        0.000        2.484       15.730
      87.425        0.000        2.484       15.730
      87.526        0.000        2.484       15.730
      87.626        0.000        2.484       15.730
      87.727        0.000        2.484       15.730
      87.827        0.000        2.484       15.730
      87.927        0.000        2.484       15.730
      88.028        0.000        2.484       15.730
      88.128        0.000        2.484       15.730
      88.229        0.000        2.484       15.730
      88.329        0.000        2.484       15.730
      88.430        0.000        2.484       15.730
      88.530        0.000        2.484       15.730
      88.631        0.000        2.484       15.730
      88.731        0.000        2.484       15.730
      88.832        0.000        2.484       15.730
      88.932        0.000        2.484       15.730
      89.033        0.000        2.484       15.730
      89.133        0.000        2.484       15.730
      89.234        0.000        2.484       15.730
      89.334        0.000        2.484       15.730
      89.435        0.000        2.484       15.730
      89.535        0.000        2.484       15.730
      89.636        0.000        2.484       15.730
      89.736        0.000        2.484       15.730
      89.836        0.000        2.484       15.730
      89.937        0.000        2.484       15.730
      90.037        0.000        2.484       15.730
      90.138        0.000        2.484       15.730
      90.238        0.000        2.484       15.730
      90.338        0.000        2.484       15.730
      90.439        0.000        2.484       15.730
      90.540        0.000        2.484       15.730
      90.640        0.000        2.484       15.730
      90.741        0.000        2.484       15.730
      90.841        0.000        2.484       15.730
      90.942        0.000        2.484       15.730
      91.042        0.000        2.484       15.730
      91.143        0.000        2.484       15.730
      91.244        0.000        2.484       15.730
      91.344        0.000        2.484       15.730
      91.445        0.000        2.484       15.730
      91.545        0.000        2.484       15.730
      91.646        0.000        2.484       15.730
      91.746        0.000        2.484       15.730
      91.848        0.000        2.484       15.730
      91.949        0.000        2.484       15.730
      92.052        0.000        2.484       15.730
      92.154        0.000        2.484       15.730
      92.254        0.000        2.484       15.730
      92.354        0.000        2.484       15.730
      92.455        0.000        2.484       15.730
      92.556        0.000        2.484       15.730
      92.658        0.000        2.484       15.730
      92.758        0.000        2.484       15.730
      92.859        0.000        2.484       15.730
      92.959        0.000        2.484       15.730
      93.060        0.000        2.484       15.730
      93.160        0.000        2.484       15.730
      93.260        0.000        2.484       15.730
      93.361        0.000        2.484       15.730
      93.461        0.000        2.484       15.730
      93.562        0.000        2.484       15.730
      93.663        0.000        2.484       15.730
      93.764        0.000        2.484       15.730
      93.864        0.000        2.484       15.730
      93.965        0.000        2.484       15.730
      94.066        0.000        2.484       15.730
      94.166        0.000        2.484       15.730
      94.266        0.000        2.484       15.730
      94.367        0.000        2.484       15.730
      94.467        0.000        2.484       15.730
      94.567        0.000        2.484       15.730
      94.668        0.000        2.484       15.730
      94.768        0.000        2.484       15.730
      94.869        0.000        2.484       15.730
      94.969        0.000        2.484       15.730
      95.070        0.000        2.484       15.730
      95.171        0.000        2.484       15.730
      95.271        0.000        2.484       15.730
      95.371        0.000        2.484       15.730
      95.472        0.000        2.484       15.730
      95.572        0.000        2.484       15.730
      95.673        0.000        2.484       15.730
      95.774        0.000        2.484       15.730
      95.874        0.000        2.484       15.730
      95.975        0.000        2.484       15.730
      96.076        0.000        2.484       15.730
      96.176        0.000        2.484       15.730
      96.277        0.000        2.484       15.730
      96.377        0.000        2.484       15.730
      96.481        0.000        2.484       15.730
      96.581        0.000        2.484       15.730
      96.681        0.000        2.484       15.730
      96.782        0.000        2.484       15.730
      96.882        0.000        2.484       15.730
      96.983        0.000        2.484       15.730
      97.083        0.000        2.484       15.730
      97.184        0.000        2.484       15.730
      97.284        0.000        2.484       15.730
      97.385        0.000        2.484       15.730
      97.485        0.000        2.484       15.730
      97.585        0.000        2.484       15.730
      97.686        0.000        2.484       15.730
      97.786        0.000        2.484       15.730
      97.887        0.000        2.484       15.730
      97.987        0.000        2.484       15.730
      98.088        0.000        2.484       15.730
      98.188        0.000        2.484       15.730
      98.288        0.000        2.484       15.730
      98.389        0.000        2.484       15.730
      98.489        0.000        2.484       15.730
      98.590        0.000        2.484       15.730
      98.690        0.000        2.484       15.730
      98.791        0.000        2.484       15.730
      98.891        0.000        2.484       15.730
      98.991        0.000        2.484       15.730
      99.092        0.000        2.484       15.730
      99.192        0.000        2.484       15.730
      99.293        0.000        2.484       15.730
      99.393        0.000        2.484       15.730
      99.493        0.000        2.484       15.730
      99.594        0.000        2.484       15.730
      99.694        0.000        2.484       15.730
      99.794        0.000        2.484       15.730
      99.895        0.000        2.484       15.730
      99.995        0.000        2.484       15.730
