# Elapsed time   CPU (%)     Real (MB)   Virtual (MB)
       0.000        0.000        5.738       16.477
       0.100        0.000        5.738       16.477
       0.201        0.000        5.738       16.477
       0.301        0.000        5.738       16.477
       0.401        0.000        5.738       16.477
       0.502        0.000        5.738       16.477
       0.602        0.000        5.738       16.477
       0.702        0.000        5.738       16.477
       0.803        0.000        5.738       16.477
       0.903        0.000        5.738       16.477
       1.003       10.000        6.363       16.477
       1.104        0.000        6.363       16.477
       1.204        0.000        6.363       16.477
       1.305        0.000        6.363       16.477
       1.405        0.000        6.363       16.477
       1.505        0.000        6.363       16.477
       1.606        0.000        6.363       16.477
       1.706        0.000        6.363       16.477
       1.807        0.000        6.363       16.477
       1.907        0.000        6.363       16.477
       2.008       19.900        6.363       16.477
       2.108        0.000        6.363       16.477
       2.209        0.000        6.363       16.477
       2.309        0.000        6.363       16.477
       2.410        0.000        6.363       16.477
       2.510        0.000        6.363       16.477
       2.610        0.000        6.363       16.477
       2.711        0.000        6.363       16.477
       2.811        0.000        6.363       16.477
       2.912        0.000        6.363       16.477
       3.012       10.000        6.363       16.477
       3.112        0.000        6.363       16.477
       3.213        0.000        6.363       16.477
       3.313        0.000        6.363       16.477
       3.413        0.000        6.363       16.477
       3.514       19.900        6.363       16.477
       3.614        0.000        6.363       16.477
       3.714        0.000        6.363       16.477
       3.815        0.000        6.363       16.477
       3.915        0.000        6.363       16.477
       4.016       29.900        6.363       16.477
       4.116        0.000        6.363       16.477
       4.216        0.000        6.363       16.477
       4.317        0.000        6.363       16.477
       4.417        0.000        6.363       16.477
       4.518        0.000        6.363       16.477
       4.618       10.000        6.363       16.477
       4.718        0.000        6.363       16.477
       4.819        0.000        6.363       16.477
       4.919        0.000        6.363       16.477
       5.020       19.900        6.363       16.477
       5.120        0.000        6.363       16.477
       5.221        0.000        6.363       16.477
       5.321        0.000        6.363       16.477
       5.422        0.000        6.363       16.477
       5.522       10.000        6.363       16.477
       5.625        9.700        6.363       16.477
       5.725        0.000        6.363       16.477
       5.826        0.000        6.363       16.477
       5.926        0.000        6.363       16.477
       6.026       19.900        6.363       16.477
       6.127       10.000        6.363       16.477
       6.227       10.000        6.363       16.477
       6.327        0.000        6.363       16.477
       6.428        0.000        6.363       16.477
       6.528       19.900        6.363       16.477
       6.628        0.000        6.363       16.477
       6.729        0.000        5.488       16.477
       6.829        0.000        3.988       16.477
       6.930        0.000        3.988       16.477
       7.030       29.900        4.738       16.477
       7.130       29.900        4.738       16.477
       7.231        0.000        4.363       16.477
       7.331        0.000        4.363       16.477
       7.432        0.000        4.363       16.477
       7.532       19.700        4.363       16.477
       7.634        9.900        4.363       16.477
       7.736        0.000        4.363       16.477
       7.837        0.000        4.363       16.477
       7.939        0.000        4.363       16.477
       8.041       39.600        4.363       16.477
       8.141       19.900        4.363       16.477
       8.242        0.000        4.363       16.477
       8.342        0.000        4.363       16.477
       8.442        0.000        4.363       16.477
       8.543       29.800        4.363       16.477
       8.644        9.900        4.363       16.477
       8.744       10.000        4.363       16.477
       8.845        0.000        4.363       16.477
       8.945        0.000        4.363       16.477
       9.046       29.900        4.363       16.477
       9.146       10.000        4.363       16.477
       9.247        0.000        4.363       16.477
       9.348        0.000        4.363       16.477
       9.448        0.000        4.363       16.477
       9.548       29.900        4.238       16.477
       9.649       19.900        4.238       16.477
       9.749        0.000        4.238       16.477
       9.849        0.000        4.238       16.477
       9.951        9.800        4.238       16.477
      10.053       19.600        4.238       16.477
      10.154       10.000        4.238       16.477
      10.254       10.000        4.238       16.477
      10.354        0.000        4.238       16.477
      10.455        0.000        4.238       16.477
      10.555       19.800        4.238       16.477
      10.656       19.900        4.238       16.477
      10.757       10.000        4.238       16.477
      10.857        0.000        4.238       16.477
      10.957       10.000        4.238       16.477
      11.058       29.800        4.238       16.477
      11.158       10.000        4.238       16.477
      11.259       19.900        4.238       16.477
      11.359        0.000        4.238       16.477
      11.460        0.000        4.238       16.477
      11.560       29.900        4.238       16.477
      11.660       19.900        4.238       16.477
      11.761        0.000        4.238       16.477
      11.861        0.000        4.238       16.477
      11.962        9.900        4.238       16.477
      12.063       29.600        4.238       16.477
      12.164       10.000        4.238       16.477
      12.264       19.900        4.238       16.477
      12.365        0.000        4.238       16.477
      12.465        0.000        4.238       16.477
      12.565       19.900        4.238       16.477
      12.666       10.000        4.238       16.477
      12.766       19.900        4.238       16.477
      12.867        0.000        4.238       16.477
      12.967        0.000        4.238       16.477
      13.068       19.800        4.238       16.477
      13.168       29.900        4.238       16.477
      13.269       29.900        4.238       16.477
      13.369        0.000        4.238       16.477
      13.469        0.000        4.238       16.477
      13.570       29.900        4.238       16.477
      13.670        9.900        4.238       16.477
      13.771       10.000        4.238       16.477
      13.872        9.900        4.238       16.477
      13.973        9.900        4.238       16.477
      14.074       19.900        4.238       16.477
      14.174       29.900        4.238       16.477
      14.274       10.000        4.238       16.477
      14.376        0.000        4.238       16.477
      14.477        0.000        4.238       16.477
      14.578       19.900        4.238       16.477
      14.678       29.800        4.238       16.477
      14.779       19.900        4.238       16.477
      14.879        0.000        4.238       16.477
      14.980        0.000        4.238       16.477
      15.080       39.800        4.238       16.477
      15.181       29.800        4.238       16.477
      15.281       19.900        4.238       16.477
      15.382        0.000        4.238       16.477
      15.482        0.000        4.238       16.477
      15.582       19.900        4.238       16.477
      15.683       19.900        4.238       16.477
      15.783       19.900        4.238       16.477
      15.884        0.000        4.238       16.477
      15.985       29.800        4.238       16.477
      16.085       19.900        4.238       16.477
      16.185       19.900        4.238       16.477
      16.286       19.900        4.238       16.477
      16.386        0.000        4.238       16.477
      16.486        0.000        4.238       16.477
      16.587       29.900        4.238       16.477
      16.687       29.900        4.238       16.477
      16.788       19.900        4.238       16.477
      16.888        0.000        4.238       16.477
      16.989       29.900        4.238       16.477
      17.089        0.000        4.238       16.477
      17.189       29.900        4.238       16.477
      17.290       10.000        4.238       16.477
      17.390        9.900        4.238       16.477
      17.491        0.000        4.238       16.477
      17.592       19.900        4.238       16.477
      17.693       29.800        4.238       16.477
      17.793        9.900        4.238       16.477
      17.894        0.000        4.238       16.477
      17.994       19.900        4.238       16.477
      18.094       19.900        4.238       16.477
      18.195       10.000        4.238       16.477
      18.295       29.900        4.238       16.477
      18.396       10.000        4.238       16.477
      18.496       10.000        4.238       16.477
      18.597       10.000        4.238       16.477
      18.697       29.800        4.238       16.477
      18.798       19.900        4.238       16.477
      18.898       10.000        4.238       16.477
      18.998       29.900        4.238       16.477
      19.099       19.900        4.238       16.477
      19.199       29.900        4.238       16.477
      19.300        0.000        4.238       16.477
      19.400       10.000        4.238       16.477
      19.500       10.000        4.238       16.477
      19.601       19.900        4.238       16.477
      19.701       19.900        4.238       16.477
      19.802       19.900        4.238       16.477
      19.902       10.000        4.238       16.477
      20.002       29.800        4.238       16.477
      20.103        9.900        4.238       16.477
      20.204       29.900        4.238       16.477
      20.304       10.000        4.238       16.477
      20.405       10.000        4.238       16.477
      20.505        9.900        4.238       16.477
      20.606       19.900        4.238       16.477
      20.706       19.900        4.238       16.477
      20.806       19.900        4.238       16.477
      20.907       10.000        4.238       16.477
      21.007        0.000        4.238       16.477
      21.107       19.900        4.238       16.477
      21.208       29.900        4.238       16.477
      21.308       19.900        4.238       16.477
      21.408       10.000        4.238       16.477
      21.509       10.000        4.238       16.477
      21.609       19.900        4.238       16.477
      21.710       29.900        4.238       16.477
      21.810       10.000        4.238       16.477
      21.910       19.900        4.238       16.477
      22.011        0.000        4.238       16.477
      22.111       19.900        4.113       16.477
      22.212       19.900        4.113       16.477
      22.312       29.800        4.113       16.477
      22.413        9.900        3.988       16.477
      22.514       10.000        3.988       16.477
      22.614       29.900        3.988       16.477
      22.714       10.000        3.988       16.477
      22.815       29.900        3.988       16.477
      22.920       19.000        3.988       16.477
      23.020        0.000        3.988       16.477
      23.121        9.900        3.988       16.477
      23.222       29.900        3.988       16.477
      23.322       19.900        3.988       16.477
      23.423        9.900        3.988       16.477
      23.524       10.000        3.988       16.477
      23.624       10.000        3.988       16.477
      23.725       29.900        3.988       16.477
      23.825       19.900        3.988       16.477
      23.926       29.900        3.988       16.477
      24.026        0.000        3.988       16.477
      24.126       29.900        3.988       16.477
      24.227       19.900        3.988       16.477
      24.327       10.000        3.988       16.477
      24.427       19.900        3.988       16.477
      24.528        0.000        3.988       16.477
      24.628        0.000        3.988       16.477
      24.729       19.900        3.988       16.477
      24.829       29.900        3.988       16.477
      24.929       19.900        3.988       16.477
      25.030        0.000        3.988       16.477
      25.130       29.900        3.988       16.477
      25.231       10.000        3.988       16.477
      25.332       19.700        3.988       16.477
      25.433       19.900        3.988       16.477
      25.533       10.000        3.988       16.477
      25.634        9.900        3.988       16.477
      25.734       10.000        3.988       16.477
      25.835       19.900        3.988       16.477
      25.935       19.900        3.988       16.477
      26.035       10.000        3.988       16.477
      26.136       10.000        3.988       16.477
      26.236       19.900        3.988       16.477
      26.336       19.900        3.988       16.477
      26.437       29.900        3.988       16.477
      26.537        0.000        3.988       16.477
      26.637       19.900        3.988       16.477
      26.738       20.000        3.988       16.477
      26.838       19.900        3.988       16.477
      26.939       19.900        3.988       16.477
      27.039        9.900        3.988       16.477
      27.140        0.000        3.988       16.477
      27.240       19.900        3.988       16.477
      27.341       19.900        3.988       16.477
      27.442       19.900        3.988       16.477
      27.542       10.000        3.988       16.477
      27.643       10.000        3.988       16.477
      27.743       29.900        3.988       16.477
      27.843       10.000        3.988       16.477
      27.944       29.900        3.988       16.477
      28.044       10.000        3.988       16.477
      28.144       10.000        3.988       16.477
      28.245       10.000        3.988       16.477
      28.345       19.900        3.988       16.477
      28.446       19.900        3.988       16.477
      28.546       19.900        3.988       16.477
      28.646       10.000        3.988       16.477
      28.747       10.000        3.988       16.477
      28.847       19.900        3.988       16.477
      28.947       19.900        3.988       16.477
      29.048       10.000        3.988       16.477
      29.148       19.900        3.988       16.477
      29.248       19.900        3.988       16.477
      29.349       19.900        3.988       16.477
      29.449       29.900        3.988       16.477
      29.549        0.000        3.988       16.477
      29.650        9.900        3.988       16.477
      29.751        0.000        3.988       16.477
      29.851       29.900        3.988       16.477
      29.951       19.900        3.988       16.477
      30.054       19.600        3.988       16.477
      30.154       10.000        3.988       16.477
      30.255       19.900        3.988       16.477
      30.355        9.900        3.988       16.477
      30.456       19.900        3.988       16.477
      30.556       19.900        3.988       16.477
      30.657       10.000        3.988       16.477
      30.757       10.000        3.988       16.477
      30.858       19.900        3.988       16.477
      30.958       19.900        3.988       16.477
      31.058       19.900        3.988       16.477
      31.159       10.000        3.988       16.477
      31.259       10.000        3.988       16.477
      31.359       19.900        3.988       16.477
      31.460       19.900        3.988       16.477
      31.560       29.900        3.988       16.477
      31.660        0.000        3.988       16.477
      31.761       19.900        3.988       16.477
      31.861       19.900        3.988       16.477
      31.962       29.900        3.988       16.477
      32.062       10.000        3.988       16.477
      32.162       10.000        3.988       16.477
      32.263        0.000        3.988       16.477
      32.363       29.900        3.988       16.477
      32.463       10.000        3.988       16.477
      32.564       29.900        3.988       16.477
      32.664       19.900        3.988       16.477
      32.764       10.000        3.988       16.477
      32.865       19.900        3.988       16.477
      32.965       10.000        3.988       16.477
      33.066       19.900        3.988       16.477
      33.166       10.000        3.988       16.477
      33.267       10.000        3.988       16.477
      33.367       19.900        3.988       16.477
      33.467       29.900        3.988       16.477
      33.568       10.000        3.988       16.477
      33.668       10.000        3.988       16.477
      33.768       10.000        3.988       16.477
      33.868       19.900        3.988       16.477
      33.969       19.900        3.988       16.477
      34.069       10.000        3.988       16.477
      34.170       19.900        3.988       16.477
      34.270       19.900        3.988       16.477
      34.370       10.000        3.988       16.477
      34.471       29.900        3.988       16.477
      34.572        9.800        3.988       16.477
      34.673       19.900        3.988       16.477
      34.773       10.000        3.988       16.477
      34.873        9.900        3.988       16.477
      34.974       10.000        3.988       16.477
      35.074       39.900        3.988       16.477
      35.175        0.000        3.988       16.477
      35.275       19.900        3.988       16.477
      35.375       10.000        3.988       16.477
      35.476       19.900        3.988       16.477
      35.576       19.900        3.988       16.477
      35.676       19.900        3.988       16.477
      35.777       10.000        3.988       16.477
      35.877       10.000        3.988       16.477
      35.977       19.900        3.988       16.477
      36.078       10.000        3.988       16.477
      36.178       19.900        3.988       16.477
      36.279       19.900        3.988       16.477
      36.379       10.000        3.988       16.477
      36.479       19.900        3.988       16.477
      36.580       10.000        3.988       16.477
      36.680       29.900        3.988       16.477
      36.781       10.000        3.988       16.477
      36.881       19.900        3.988       16.477
      36.981       19.900        3.988       16.477
      37.082       19.900        3.988       16.477
      37.182       10.000        3.988       16.477
      37.283       19.900        3.988       16.477
      37.383        0.000        3.988       16.477
      37.483       19.900        3.988       16.477
      37.584       19.800        3.988       16.477
      37.685       29.800        3.988       16.477
      37.785       10.000        3.988       16.477
      37.886       10.000        3.988       16.477
      37.986       10.000        3.988       16.477
      38.086       19.900        3.988       16.477
      38.187       29.900        3.988       16.477
      38.287       10.000        3.988       16.477
      38.388       10.000        3.988       16.477
      38.488       19.800        3.988       16.477
      38.589       19.900        3.988       16.477
      38.689       29.800        3.988       16.477
      38.790       10.000        3.988       16.477
      38.890       10.000        3.988       16.477
      38.991       10.000        3.988       16.477
      39.092       19.800        3.988       16.477
      39.192       29.900        3.988       16.477
      39.293        9.900        3.988       16.477
      39.394       19.900        3.988       16.477
      39.494       10.000        3.988       16.477
      39.594       19.900        3.988       16.477
      39.695       19.900        3.988       16.477
      39.795       10.000        3.988       16.477
      39.895       10.000        3.988       16.477
      39.996       19.900        3.988       16.477
      40.096       10.000        3.988       16.477
      40.196       29.900        3.988       16.477
      40.297       10.000        3.988       16.477
      40.397        9.900        3.988       16.477
      40.498       19.900        3.988       16.477
      40.598       19.900        3.988       16.477
      40.699       19.900        3.988       16.477
      40.799       10.000        3.988       16.477
      40.899       10.000        3.988       16.477
      41.000       19.900        3.988       16.477
      41.100       19.900        3.988       16.477
      41.201       10.000        3.988       16.477
      41.301       29.900        3.988       16.477
      41.401        0.000        3.988       16.477
      41.502       10.000        3.988       16.477
      41.602       19.900        3.988       16.477
      41.702       29.900        3.988       16.477
      41.803       10.000        3.988       16.477
      41.903       10.000        3.988       16.477
      42.004       19.900        3.988       16.477
      42.104       29.900        3.988       16.477
      42.205        9.900        3.988       16.477
      42.306       19.900        3.988       16.477
      42.406        9.900        3.988       16.477
      42.507        9.900        3.988       16.477
      42.607       10.000        3.988       16.477
      42.708       29.900        3.988       16.477
      42.808       10.000        3.988       16.477
      42.909       19.900        3.988       16.477
      43.010       19.900        3.988       16.477
      43.110       29.800        3.988       16.477
      43.211       29.800        3.988       16.477
      43.311       19.900        3.988       16.477
      43.412        9.900        3.988       16.477
      43.514       19.500        3.988       16.477
      43.615       29.900        3.988       16.477
      43.716       29.800        3.988       16.477
      43.817       29.400        3.988       16.477
      43.918        9.900        3.988       16.477
      44.019       19.900        3.988       16.477
      44.119       29.900        3.988       16.477
      44.220        9.900        3.988       16.477
      44.322       48.800        3.738       16.477
      44.423       10.000        3.738       16.477
      44.524       19.900        3.738       16.477
      44.624       29.900        3.738       16.477
      44.724       10.000        3.738       16.477
      44.825       19.900        3.738       16.477
      44.925       10.000        3.738       16.477
      45.026       19.900        3.738       16.477
      45.127        9.900        3.738       16.477
      45.227       29.900        3.738       16.477
      45.328       19.900        3.738       16.477
      45.429       19.600        3.738       16.477
      45.530       19.900        3.738       16.477
      45.630       19.900        3.738       16.477
      45.731       19.900        3.738       16.477
      45.831       19.900        3.738       16.477
      45.932       10.000        3.738       16.477
      46.032       19.900        3.738       16.477
      46.133       19.900        3.738       16.477
      46.233       29.900        3.738       16.477
      46.334       19.900        3.738       16.477
      46.434       19.900        3.738       16.477
      46.535       10.000        3.738       16.477
      46.635       19.900        3.738       16.477
      46.737        9.800        3.738       16.477
      46.838       19.900        3.738       16.477
      46.938       29.900        3.738       16.477
      47.038       10.000        3.738       16.477
      47.139       19.900        3.738       16.477
      47.239       19.900        3.738       16.477
      47.341       29.600        3.738       16.477
      47.441       29.800        3.738       16.477
      47.542       10.000        3.738       16.477
      47.642       19.900        3.738       16.477
      47.742       19.900        3.738       16.477
      47.843       10.000        3.738       16.477
      47.943       19.900        3.738       16.477
      48.044        9.900        3.738       16.477
      48.145       19.800        3.738       16.477
      48.248        9.700        3.738       16.477
      48.350       29.700        3.738       16.477
      48.450       29.900        3.738       16.477
      48.550       29.700        3.738       16.477
      48.652        0.000        3.738       16.477
      48.752       19.900        3.738       16.477
      48.853       19.900        3.738       16.477
      48.953       29.900        3.738       16.477
      49.054       19.900        3.738       16.477
      49.154       10.000        3.738       16.477
      49.254       19.900        3.738       16.477
      49.355        0.000        3.738       16.477
      49.455       39.800        3.738       16.477
      49.556       19.900        3.738       16.477
      49.657        9.900        3.738       16.477
      49.757       29.900        3.738       16.477
      49.858       19.900        3.738       16.477
      49.958       19.900        3.738       16.477
      50.058       10.000        3.738       16.477
      50.159       10.000        3.738       16.477
      50.259       10.000        3.738       16.477
      50.359       29.900        3.738       16.477
      50.460       29.900        3.738       16.477
      50.560        0.000        3.738       16.477
      50.661       10.000        3.738       16.477
      50.761       19.900        3.738       16.477
      50.861       10.000        3.738       16.477
      50.962       39.800        3.738       16.477
      51.062       10.000        3.738       16.477
      51.163       19.900        3.738       16.477
      51.263        0.000        3.738       16.477
      51.363       39.900        3.738       16.477
      51.464       10.000        3.738       16.477
      51.564       19.900        3.738       16.477
      51.665       10.000        3.738       16.477
      51.765       10.000        3.738       16.477
      51.865       19.900        3.738       16.477
      51.966       29.900        3.738       16.477
      52.066       10.000        3.738       16.477
      52.167       19.900        3.738       16.477
      52.267       10.000        3.738       16.477
      52.367       19.900        3.738       16.477
      52.468       19.900        3.738       16.477
      52.568       19.900        3.738       16.477
      52.668       10.000        3.738       16.477
      52.769       19.900        3.738       16.477
      52.869       19.800        3.738       16.477
      52.971       19.800        3.738       16.477
      53.071       19.900        3.738       16.477
      53.172       10.000        3.738       16.477
      53.272        9.900        3.738       16.477
      53.374       10.000        3.738       16.477
      53.474       19.900        3.738       16.477
      53.574       29.900        3.738       16.477
      53.675       10.000        3.738       16.477
      53.775       10.000        3.738       16.477
      53.875       19.900        3.738       16.477
      53.976       19.900        3.738       16.477
      54.076       19.900        3.738       16.477
      54.177       10.000        3.738       16.477
      54.277       19.900        3.738       16.477
      54.377       10.000        3.738       16.477
      54.478       10.000        3.738       16.477
      54.578       29.900        3.738       16.477
      54.678       19.900        3.738       16.477
      54.779       19.900        3.738       16.477
      54.879       10.000        3.738       16.477
      54.979       10.000        3.738       16.477
      55.080       29.900        3.738       16.477
      55.180        0.000        3.738       16.477
      55.281       19.900        3.738       16.477
      55.381       10.000        3.738       16.477
      55.481       19.900        3.738       16.477
      55.582       19.900        3.738       16.477
      55.682       10.000        3.738       16.477
      55.782       10.000        3.738       16.477
      55.883       10.000        3.738       16.477
      55.983       19.900        3.738       16.477
      56.083       29.900        3.738       16.477
      56.184       10.000        3.738       16.477
      56.284       10.000        3.738       16.477
      56.384       19.900        3.738       16.477
      56.485       10.000        3.738       16.477
      56.585       29.900        3.738       16.477
      56.686       10.000        3.738       16.477
      56.786       10.000        3.738       16.477
      56.886       10.000        3.738       16.477
      56.987       19.900        3.738       16.477
      57.087       19.900        3.738       16.477
      57.188       19.900        3.738       16.477
      57.288       19.900        3.738       16.477
      57.388       19.900        3.738       16.477
      57.489       10.000        3.738       16.477
      57.589       19.900        3.738       16.477
      57.689       19.900        3.738       16.477
      57.790       10.000        3.738       16.477
      57.890       10.000        3.738       16.477
      57.990       19.900        3.738       16.477
      58.091       19.900        3.738       16.477
      58.191       10.000        3.738       16.477
      58.291       10.000        3.738       16.477
      58.392       19.900        3.738       16.477
      58.492       10.000        3.738       16.477
      58.593       19.900        3.738       16.477
      58.693       19.900        3.738       16.477
      58.793       10.000        3.738       16.477
      58.894       19.900        3.738       16.477
      58.994       19.800        3.738       16.477
      59.095       10.000        3.738       16.477
      59.196       19.900        3.738       16.477
      59.296       10.000        3.738       16.477
      59.396       19.900        3.738       16.477
      59.497       10.000        3.738       16.477
      59.597       19.900        3.738       16.477
      59.698       19.800        3.738       16.477
      59.798       19.900        3.738       16.477
      59.899       19.900        3.738       16.477
      59.999       19.900        3.738       16.477
      60.100       10.000        3.738       16.477
      60.200       19.900        3.738       16.477
      60.300       10.000        3.738       16.477
      60.401       10.000        3.738       16.477
      60.501       19.900        3.738       16.477
      60.602       19.800        3.738       16.477
      60.703       19.900        3.738       16.477
      60.803       10.000        3.738       16.477
      60.903       10.000        3.738       16.477
      61.004        9.900        3.738       16.477
      61.104       19.900        3.738       16.477
      61.205       29.900        3.738       16.477
      61.305       10.000        3.738       16.477
      61.406       10.000        3.738       16.477
      61.506       19.900        3.738       16.477
      61.606       10.000        3.738       16.477
      61.707       29.900        3.738       16.477
      61.807       10.000        3.738       16.477
      61.908       19.900        3.738       16.477
      62.008       10.000        3.738       16.477
      62.108       19.900        3.738       16.477
      62.209       19.900        3.738       16.477
      62.309       19.900        3.738       16.477
      62.409       19.900        3.738       16.477
      62.510       19.900        3.738       16.477
      62.610       19.900        3.738       16.477
      62.710       10.000        3.738       16.477
      62.811        9.900        3.738       16.477
      62.911        9.900        3.738       16.477
      63.012       19.900        3.738       16.477
      63.113       19.900        3.738       16.477
      63.213       10.000        3.738       16.477
      63.313       19.900        3.738       16.477
      63.414       10.000        3.738       16.477
      63.514       19.900        3.738       16.477
      63.614        0.000        3.738       16.477
      63.715       29.900        3.738       16.477
      63.815       19.900        3.738       16.477
      63.915       10.000        3.738       16.477
      64.016       10.000        3.738       16.477
      64.116       19.900        3.738       16.477
      64.217       19.900        3.738       16.477
      64.317       29.800        3.738       16.477
      64.418       10.000        3.738       16.477
      64.518       10.000        3.738       16.477
      64.618       19.900        3.738       16.477
      64.719        0.000        3.738       16.477
      64.819       29.900        3.738       16.477
      64.920       10.000        3.738       16.477
      65.020       19.900        3.738       16.477
      65.120       29.900        3.738       16.477
      65.221       10.000        3.738       16.477
      65.321       19.900        3.738       16.477
      65.421       10.000        3.738       16.477
      65.522       10.000        3.738       16.477
      65.622       19.900        3.738       16.477
      65.722       10.000        3.738       16.477
      65.823       19.900        3.738       16.477
      65.923       19.900        3.738       16.477
      66.023       19.900        3.738       16.477
      66.124        0.000        3.738       16.477
      66.224       19.900        3.738       16.477
      66.325       29.900        3.738       16.477
      66.425       10.000        3.738       16.477
      66.525       19.900        3.738       16.477
      66.626        9.900        3.738       16.477
      66.727       29.800        3.738       16.477
      66.827        9.900        3.738       16.477
      66.928       19.900        3.738       16.477
      67.029        9.900        3.738       16.477
      67.129       19.900        3.738       16.477
      67.230       10.000        3.738       16.477
      67.330       19.900        3.738       16.477
      67.430       10.000        3.738       16.477
      67.531       19.900        3.738       16.477
      67.631       10.000        3.738       16.477
      67.732       19.900        3.738       16.477
      67.832       19.900        3.738       16.477
      67.932       10.000        3.738       16.477
      68.033       19.900        3.738       16.477
      68.133       10.000        3.738       16.477
      68.234        9.900        3.738       16.477
      68.335       19.800        3.738       16.477
      68.435       19.900        3.738       16.477
      68.536        0.000        3.738       16.477
      68.636       19.900        3.738       16.477
      68.737       10.000        3.738       16.477
      68.837       29.900        3.738       16.477
      68.938       19.900        3.738       16.477
      69.038       10.000        3.738       16.477
      69.138       10.000        3.738       16.477
      69.239       19.900        3.738       16.477
      69.339       19.900        3.738       16.477
      69.440       19.900        3.738       16.477
      69.540       19.900        3.738       16.477
      69.640       10.000        3.738       16.477
      69.741       19.900        3.738       16.477
      69.841       10.000        3.738       16.477
      69.941       19.900        3.738       16.477
      70.042       29.900        3.738       16.477
      70.142       19.900        3.738       16.477
      70.243        9.900        3.738       16.477
      70.344       29.800        3.738       16.477
      70.444       19.900        3.738       16.477
      70.545       10.000        3.738       16.477
      70.645       19.900        3.738       16.477
      70.745       10.000        3.738       16.477
      70.846       19.900        3.738       16.477
      70.946       19.900        3.738       16.477
      71.047        9.900        3.738       16.477
      71.148        9.900        3.738       16.477
      71.248       10.000        3.738       16.477
      71.348       29.900        3.738       16.477
      71.449       19.900        3.738       16.477
      71.549       19.900        3.738       16.477
      71.649       10.000        3.738       16.477
      71.750       19.900        3.738       16.477
      71.850        9.900        3.738       16.477
      71.952       39.600        3.738       16.477
      72.052       10.000        3.738       16.477
      72.153       10.000        3.738       16.477
      72.253       19.900        3.738       16.477
      72.353       10.000        3.738       16.477
      72.454       19.900        3.738       16.477
      72.554       19.900        3.738       16.477
      72.655       19.900        3.738       16.477
      72.755       19.900        3.738       16.477
      72.856       10.000        3.738       16.477
      72.956       19.900        3.738       16.477
      73.056       10.000        3.738       16.477
      73.157       19.900        3.738       16.477
      73.257       10.000        3.738       16.477
      73.357       10.000        3.738       16.477
      73.458       19.900        3.738       16.477
      73.558       19.900        3.738       16.477
      73.659       10.000        3.738       16.477
      73.759       10.000        3.738       16.477
      73.859       19.900        3.738       16.477
      73.960       19.900        3.738       16.477
      74.060       19.900        3.738       16.477
      74.161       10.000        3.738       16.477
      74.261       10.000        3.738       16.477
      74.361       19.900        3.738       16.477
      74.462       29.900        3.738       16.477
      74.562        9.900        3.738       16.477
      74.663       19.900        3.738       16.477
      74.763        0.000        3.738       16.477
      74.864       29.900        3.738       16.477
      74.964        9.900        3.738       16.477
      75.065       19.900        3.738       16.477
      75.165       19.900        3.738       16.477
      75.266       19.900        3.738       16.477
      75.366       10.000        3.738       16.477
      75.466       19.900        3.738       16.477
      75.567       19.900        3.738       16.477
      75.667       10.000        3.738       16.477
      75.767       10.000        3.738       16.477
      75.868       19.900        3.738       16.477
      75.968       19.900        3.738       16.477
      76.068       10.000        3.738       16.477
      76.169       19.900        3.738       16.477
      76.269        0.000        3.738       16.477
      76.369       19.900        3.738       16.477
      76.470       19.900        3.738       16.477
      76.570       19.900        3.738       16.477
      76.671       19.900        3.738       16.477
      76.771       10.000        3.738       16.477
      76.871       19.900        3.738       16.477
      76.972       19.800        3.738       16.477
      77.073       19.900        3.738       16.477
      77.173       10.000        3.738       16.477
      77.273       10.000        3.738       16.477
      77.374       19.900        3.738       16.477
      77.474       19.900        3.738       16.477
      77.574       19.900        3.738       16.477
      77.675       10.000        3.738       16.477
      77.775       29.900        3.738       16.477
      77.875       10.000        3.738       16.477
      77.976       19.900        3.738       16.477
      78.076       19.900        3.738       16.477
      78.177       10.000        3.738       16.477
      78.277        9.900        3.738       16.477
      78.378       19.900        3.738       16.477
      78.478       10.000        3.738       16.477
      78.578       19.900        3.738       16.477
      78.679       10.000        3.738       16.477
      78.779       19.900        3.738       16.477
      78.879       10.000        3.738       16.477
      78.980       19.900        3.738       16.477
      79.080       19.900        3.738       16.477
      79.180       19.900        3.738       16.477
      79.281       10.000        3.738       16.477
      79.381       10.000        3.738       16.477
      79.481       19.900        3.738       16.477
      79.582       29.800        3.738       16.477
      79.683       10.000        3.738       16.477
      79.783       10.000        3.738       16.477
      79.883       19.900        3.738       16.477
      79.984       10.000        3.738       16.477
      80.084       19.900        3.738       16.477
      80.184       19.900        3.738       16.477
      80.285       19.900        3.738       16.477
      80.385       19.900        3.738       16.477
      80.486       19.900        3.738       16.477
      80.586       10.000        3.738       16.477
      80.687       10.000        3.738       16.477
      80.787       19.900        3.738       16.477
      80.887       10.000        3.738       16.477
      80.988       19.900        3.738       16.477
      81.088       10.000        3.738       16.477
      81.188       19.900        3.738       16.477
      81.289       10.000        3.738       16.477
      81.389       10.000        3.738       16.477
      81.489       10.000        3.738       16.477
      81.590       29.900        3.738       16.477
      81.690       10.000        3.738       16.477
      81.790       19.900        3.738       16.477
      81.891       19.900        3.738       16.477
      81.991       19.800        3.738       16.477
      82.093       19.800        3.738       16.477
      82.193       19.800        3.738       16.477
      82.294       19.800        3.738       16.477
      82.395        9.900        3.738       16.477
      82.495       10.000        3.738       16.477
      82.596       19.900        3.738       16.477
      82.697       19.900        3.738       16.477
      82.797       19.700        3.738       16.477
      82.898       19.900        3.738       16.477
      82.999       19.900        3.738       16.477
      83.100       19.800        3.738       16.477
      83.201       10.000        3.738       16.477
      83.301        9.900        3.738       16.477
      83.402       19.900        3.738       16.477
      83.502       19.900        3.738       16.477
      83.602       10.000        3.738       16.477
      83.703       29.900        3.738       16.477
      83.803       10.000        3.738       16.477
      83.904       10.000        3.738       16.477
      84.004       10.000        3.738       16.477
      84.105       19.900        3.738       16.477
      84.205       19.900        3.738       16.477
      84.305       10.000        3.738       16.477
      84.406       19.900        3.738       16.477
      84.506       39.800        3.738       16.477
      84.607       10.000        3.738       16.477
      84.707       19.800        3.738       16.477
      84.808       19.900        3.738       16.477
      84.908        0.000        3.738       16.477
      85.009       19.900        3.738       16.477
      85.109       29.900        3.738       16.477
      85.209       10.000        3.738       16.477
      85.310       10.000        3.738       16.477
      85.410       29.900        3.738       16.477
      85.510       19.900        3.738       16.477
      85.611       19.900        3.738       16.477
      85.711        9.900        3.738       16.477
      85.812       10.000        3.738       16.477
      85.912       10.000        3.738       16.477
      86.013       19.900        3.738       16.477
      86.113       19.800        3.738       16.477
      86.214       19.900        3.738       16.477
      86.315       19.900        3.738       16.477
      86.415        9.900        3.738       16.477
      86.516        9.900        3.738       16.477
      86.617       19.900        3.738       16.477
      86.717       19.900        3.738       16.477
      86.818       19.900        3.738       16.477
      86.918       19.900        3.738       16.477
      87.019       10.000        3.738       16.477
      87.119       29.900        3.738       16.477
      87.219       19.900        3.738       16.477
      87.320       10.000        3.738       16.477
      87.420       19.900        3.738       16.477
      87.521       19.900        3.738       16.477
      87.621       10.000        3.738       16.477
      87.721       19.900        3.738       16.477
      87.822       10.000        3.738       16.477
      87.922       19.900        3.738       16.477
      88.023       39.800        3.738       16.477
      88.123        0.000        3.738       16.477
      88.224       19.900        3.738       16.477
      88.324        9.900        3.738       16.477
      88.425        9.900        3.738       16.477
      88.525       10.000        3.738       16.477
      88.626       29.800        3.738       16.477
      88.726       10.000        3.738       16.477
      88.827       19.900        3.738       16.477
      88.927       10.000        3.738       16.477
      89.027       10.000        3.738       16.477
      89.128       10.000        3.738       16.477
      89.228       19.900        3.738       16.477
      89.328       10.000        3.738       16.477
      89.429       29.900        3.738       16.477
      89.529        0.000        3.738       16.477
      89.629       29.900        3.738       16.477
      89.730       19.900        3.738       16.477
      89.830       10.000        3.738       16.477
      89.931       19.900        3.738       16.477
      90.031       10.000        3.738       16.477
      90.131       19.900        3.738       16.477
      90.232       19.900        3.738       16.477
      90.332       10.000        3.738       16.477
      90.433       10.000        3.738       16.477
      90.533       29.900        3.738       16.477
      90.634       29.900        3.738       16.477
      90.734       10.000        3.738       16.477
      90.834       10.000        3.738       16.477
      90.935       19.900        3.738       16.477
      91.035        0.000        3.738       16.477
      91.135       19.900        3.738       16.477
      91.236       19.900        3.738       16.477
      91.336       19.900        3.738       16.477
      91.436       10.000        3.738       16.477
      91.537       19.900        3.738       16.477
      91.637       10.000        3.738       16.477
      91.737       19.900        3.738       16.477
      91.838       10.000        3.738       16.477
      91.938       19.900        3.738       16.477
      92.039       19.900        3.738       16.477
      92.139       10.000        3.738       16.477
      92.239       19.900        3.738       16.477
      92.340       19.900        3.738       16.477
      92.440       19.900        3.738       16.477
      92.540       10.000        3.738       16.477
      92.641       19.900        3.738       16.477
      92.741       10.000        3.738       16.477
      92.841       19.900        3.738       16.477
      92.942       10.000        3.738       16.477
      93.042       19.900        3.738       16.477
      93.142       29.900        3.738       16.477
      93.243       19.900        3.738       16.477
      93.343       19.900        3.738       16.477
      93.443       10.000        3.738       16.477
      93.544       19.900        3.738       16.477
      93.644        9.900        3.738       16.477
      93.745       19.900        3.738       16.477
      93.845        9.900        3.738       16.477
      93.946       19.800        3.738       16.477
      94.047       19.900        3.738       16.477
      94.147       10.000        3.738       16.477
      94.248       19.800        3.738       16.477
      94.348        9.900        3.738       16.477
      94.449       29.900        3.738       16.477
      94.549       19.900        3.738       16.477
      94.650        0.000        3.738       16.477
      94.750       29.900        3.738       16.477
      94.850       19.900        3.738       16.477
      94.951       10.000        3.738       16.477
      95.051       19.900        3.738       16.477
      95.151       10.000        3.738       16.477
      95.252       19.900        3.738       16.477
      95.352       10.000        3.738       16.477
      95.453       19.900        3.738       16.477
      95.553       19.900        3.738       16.477
      95.654       19.800        3.738       16.477
      95.754       19.900        3.738       16.477
      95.855       10.000        3.738       16.477
      95.955       19.900        3.738       16.477
      96.056       10.000        3.738       16.477
      96.156        9.900        3.738       16.477
      96.257        9.900        3.738       16.477
      96.358       19.900        3.738       16.477
      96.458       19.900        3.738       16.477
      96.559       10.000        3.738       16.477
      96.659       19.900        3.738       16.477
      96.759        9.900        3.738       16.477
      96.860       19.900        3.738       16.477
      96.960       10.000        3.738       16.477
      97.061       29.900        3.738       16.477
      97.161       10.000        3.738       16.477
      97.261       19.900        3.738       16.477
      97.362       10.000        3.738       16.477
      97.462       19.900        3.738       16.477
      97.562       29.900        3.738       16.477
      97.663        0.000        3.738       16.477
      97.763       19.900        3.738       16.477
      97.864       19.900        3.738       16.477
      97.964       10.000        3.738       16.477
      98.065       19.900        3.738       16.477
      98.165       19.900        3.738       16.477
      98.266       19.900        3.738       16.477
      98.366       19.900        3.738       16.477
      98.467       10.000        3.738       16.477
      98.567       19.900        3.738       16.477
      98.667        0.000        3.738       16.477
      98.768       19.900        3.738       16.477
      98.868       10.000        3.738       16.477
      98.969       19.900        3.738       16.477
      99.069       10.000        3.738       16.477
      99.169       19.900        3.738       16.477
      99.270       10.000        3.738       16.477
      99.370       19.900        3.738       16.477
      99.470       19.900        3.738       16.477
      99.571       10.000        3.738       16.477
      99.671       19.900        3.738       16.477
      99.771       10.000        3.738       16.477
      99.872       19.900        3.738       16.477
      99.972       19.900        3.738       16.477
