# Elapsed time   CPU (%)     Real (MB)   Virtual (MB)
       0.000        0.000        5.863       16.551
       0.100        0.000        5.863       16.551
       0.201        0.000        5.863       16.551
       0.301        0.000        5.863       16.551
       0.402        0.000        5.863       16.551
       0.502        0.000        5.863       16.551
       0.603        0.000        5.863       16.551
       0.703       49.800        6.363       17.129
       0.803        0.000        6.363       17.129
       0.904        0.000        6.363       17.129
       1.004        0.000        6.363       17.129
       1.104        0.000        6.363       17.129
       1.205        0.000        6.363       17.129
       1.306        0.000        6.363       17.129
       1.406        0.000        6.363       17.129
       1.507        0.000        6.363       17.129
       1.607        0.000        6.363       17.129
       1.707       39.800        6.488       17.129
       1.808        0.000        6.488       17.129
       1.908        0.000        6.488       17.129
       2.009        0.000        6.488       17.129
       2.109        0.000        6.488       17.129
       2.210        0.000        6.488       17.129
       2.310        0.000        6.488       17.129
       2.411        0.000        6.488       17.129
       2.511        0.000        6.488       17.129
       2.612        0.000        6.488       17.129
       2.712       59.800        6.488       17.129
       2.812        0.000        6.488       17.129
       2.913        0.000        6.488       17.129
       3.013        0.000        6.488       17.129
       3.114        0.000        6.488       17.129
       3.214       19.900        6.488       17.129
       3.315       19.900        6.488       17.129
       3.415        0.000        6.488       17.129
       3.515        0.000        6.488       17.129
       3.616        0.000        6.488       17.129
       3.716       49.800        6.488       17.129
       3.816        0.000        6.488       17.129
       3.917        0.000        6.488       17.129
       4.017        0.000        6.488       17.129
       4.117        0.000        6.488       17.129
       4.218       19.900        6.488       17.129
       4.318       10.000        6.488       17.129
       4.418        0.000        6.488       17.129
       4.519        0.000        6.488       17.129
       4.619       10.000        6.488       17.129
       4.720       49.800        6.488       17.129
       4.820        0.000        6.488       17.129
       4.920        0.000        6.488       17.129
       5.021        0.000        6.488       17.129
       5.121        0.000        6.488       17.129
       5.222       49.800        6.488       17.129
       5.322        0.000        6.488       17.129
       5.422        0.000        6.488       17.129
       5.523        0.000        6.488       17.129
       5.623       10.000        6.488       17.129
       5.724       59.800        6.488       17.129
       5.824       29.900        6.488       17.129
       5.924       10.000        6.488       17.129
       6.025        0.000        6.488       17.129
       6.125        0.000        6.488       17.129
       6.225       29.900        6.488       17.129
       6.326       19.900        6.488       17.129
       6.426        0.000        6.488       17.129
       6.526        0.000        6.488       17.129
       6.626        0.000        6.488       17.129
       6.727       49.800        6.613       17.387
       6.827       29.900        6.613       17.387
       6.928        0.000        6.613       17.387
       7.028        0.000        6.613       17.387
       7.128        0.000        6.613       17.387
       7.229       29.900        6.613       17.387
       7.329       10.000        6.613       17.387
       7.429        0.000        6.613       17.387
       7.530        0.000        6.613       17.387
       7.630       10.000        6.613       17.387
       7.731       49.800        6.613       17.387
       7.831       29.900        6.613       17.387
       7.931        0.000        6.613       17.387
       8.031        0.000        6.613       17.387
       8.132        0.000        6.613       17.387
       8.232       39.900        6.613       17.387
       8.332       39.900        6.613       17.387
       8.433       19.900        6.613       17.387
       8.533        0.000        6.613       17.387
       8.634       10.000        6.613       17.387
       8.734       39.800        6.738       17.387
       8.834       29.900        6.738       17.387
       8.935        0.000        6.738       17.387
       9.035        0.000        6.738       17.387
       9.135        0.000        6.738       17.387
       9.236       39.900        6.738       17.387
       9.336       29.900        6.738       17.387
       9.436       10.000        6.738       17.387
       9.537        0.000        6.738       17.387
       9.637       19.900        6.738       17.387
       9.737       39.900        6.738       17.387
       9.838       39.800        6.738       17.387
       9.938        0.000        6.738       17.387
      10.038        0.000        6.738       17.387
      10.139        0.000        6.738       17.387
      10.239       39.900        6.738       17.387
      10.339       29.900        6.738       17.387
      10.440       10.000        6.738       17.387
      10.540        0.000        6.738       17.387
      10.641        9.900        6.738       17.387
      10.741       49.800        6.738       17.387
      10.842       49.800        6.738       17.387
      10.942       19.900        6.738       17.387
      11.042        0.000        6.738       17.387
      11.143       10.000        6.738       17.387
      11.243       39.900        6.738       17.387
      11.343       39.900        6.738       17.387
      11.444       10.000        6.738       17.387
      11.544        0.000        6.738       17.387
      11.644       10.000        6.738       17.648
      11.745       49.800        6.738       17.648
      11.845       49.900        6.738       17.648
      11.945       19.900        6.738       17.648
      12.046        0.000        6.738       17.648
      12.146        0.000        6.738       17.648
      12.246       49.800        6.738       17.648
      12.347       29.900        6.738       17.648
      12.447       10.000        6.738       17.648
      12.547        0.000        6.738       17.648
      12.648       10.000        6.738       17.648
      12.748       49.800        6.738       17.648
      12.848       59.800        6.738       17.648
      12.949       10.000        6.738       17.648
      13.049        0.000        6.738       17.648
      13.149        0.000        6.738       17.648
      13.250       29.900        6.738       17.648
      13.350       49.800        6.738       17.648
      13.450       39.900        6.738       17.648
      13.551       19.900        6.738       17.648
      13.651       10.000        6.738       17.648
      13.751       49.800        6.738       17.648
      13.852       49.800        6.738       17.648
      13.952       19.900        6.738       17.648
      14.052       10.000        6.738       17.648
      14.153        0.000        6.738       17.648
      14.253       39.900        6.738       17.648
      14.353       39.800        6.738       17.648
      14.454       39.800        6.738       17.648
      14.554        0.000        6.738       17.648
      14.654        0.000        6.738       17.648
      14.755       69.700        6.863       17.914
      14.855       49.800        6.863       17.914
      14.956       19.900        6.863       17.914
      15.056        0.000        6.863       17.914
      15.156        0.000        6.863       17.914
      15.257       39.800        6.863       17.914
      15.357       49.900        6.863       17.914
      15.457       39.800        6.863       17.914
      15.558       10.000        6.863       17.914
      15.658       19.900        6.863       17.914
      15.759       49.800        6.863       17.914
      15.859       49.800        6.863       17.914
      15.959       39.800        6.863       17.914
      16.060       29.900        6.863       17.914
      16.160        0.000        6.863       17.914
      16.260       39.900        6.863       17.914
      16.361       39.800        6.863       17.914
      16.461       29.900        6.863       17.914
      16.561       10.000        6.863       17.914
      16.662       29.800        6.863       17.914
      16.762       29.900        6.863       17.914
      16.863       39.800        6.863       17.914
      16.963       39.800        6.863       17.914
      17.064       19.900        6.863       17.914
      17.164        0.000        6.863       17.914
      17.264       39.900        6.863       17.914
      17.365       39.900        6.863       17.914
      17.465       39.900        6.863       17.914
      17.565        0.000        6.863       17.914
      17.665       39.900        6.863       17.914
      17.766       29.800        6.863       17.914
      17.866       59.800        6.863       17.914
      17.967       29.900        6.863       17.914
      18.067       20.000        6.863       17.914
      18.167       10.000        6.863       17.914
      18.268       39.900        6.863       17.914
      18.368       39.900        6.863       17.914
      18.468       49.800        6.863       17.914
      18.569       29.900        6.863       17.914
      18.669       29.800        6.863       17.914
      18.770       49.800        6.863       17.914
      18.870       59.800        6.863       17.914
      18.970       39.900        6.863       17.914
      19.070       29.900        6.863       17.914
      19.171        0.000        6.863       17.914
      19.271       39.900        6.863       17.914
      19.372       59.800        6.863       17.914
      19.472       59.800        6.863       17.914
      19.572       19.900        6.863       17.914
      19.673       49.800        6.863       17.914
      19.773       29.900        6.863       17.914
      19.873       59.800        6.863       17.914
      19.974       49.800        6.863       17.914
      20.074       10.000        6.863       17.914
      20.174       19.900        6.863       17.914
      20.275       49.800        6.863       17.914
      20.375       59.900        6.863       17.914
      20.475       49.800        6.863       17.914
      20.576       29.900        6.863       17.914
      20.676       10.000        6.863       17.914
      20.776       29.900        6.863       17.914
      20.877       49.800        6.863       17.914
      20.977       49.800        6.863       17.914
      21.077       39.900        6.863       17.914
      21.178       29.900        6.863       17.914
      21.278       69.800        6.863       17.914
      21.378       49.800        6.863       17.914
      21.479       39.900        6.863       17.914
      21.579       39.900        6.863       17.914
      21.679       10.000        6.863       17.914
      21.780       39.800        6.863       17.914
      21.880       49.800        6.863       17.914
      21.980       49.800        6.863       17.758
      22.081       39.800        6.863       17.758
      22.181       29.900        6.863       17.758
      22.281       49.800        6.863       17.758
      22.382       39.900        6.863       17.758
      22.482       59.800        6.863       17.758
      22.582       29.900        6.863       17.758
      22.683       10.000        6.863       17.758
      22.783       39.900        6.863       17.758
      22.883       39.900        6.863       17.758
      22.984       59.800        6.863       17.758
      23.084       49.800        6.863       17.758
      23.184       19.900        6.863       17.758
      23.285       19.900        6.863       17.758
      23.385       49.800        6.863       17.758
      23.485       39.900        6.863       17.758
      23.586       49.800        6.863       17.758
      23.686       39.900        6.863       17.758
      23.786       39.900        6.863       17.758
      23.887       59.800        6.863       17.758
      23.987       39.900        6.863       17.758
      24.087       49.800        6.863       17.758
      24.188       19.900        6.863       17.758
      24.288       10.000        6.863       17.758
      24.388       49.800        6.863       17.758
      24.489       49.800        6.863       17.758
      24.589       39.900        6.863       17.758
      24.689       39.900        6.863       17.758
      24.790       49.800        6.863       17.758
      24.890       49.800        6.863       17.758
      24.990       59.800        6.863       17.758
      25.091       39.800        6.863       17.758
      25.191       19.900        6.863       17.758
      25.291       19.900        6.863       17.758
      25.392       49.800        6.863       17.758
      25.492       59.800        6.863       17.758
      25.593       49.800        6.863       17.758
      25.693       29.900        6.863       17.758
      25.793        0.000        6.863       17.758
      25.894       29.900        6.863       17.758
      25.994       49.800        6.863       17.758
      26.095       49.800        6.863       17.758
      26.195       49.800        6.863       17.758
      26.295       19.900        6.863       17.758
      26.396       79.700        6.863       17.758
      26.496       39.900        6.863       17.758
      26.596       39.900        6.863       17.758
      26.697       29.900        6.863       17.758
      26.797       10.000        6.863       17.758
      26.897       29.900        6.863       17.758
      26.998       49.800        6.863       17.758
      27.098       49.800        6.863       17.758
      27.198       39.900        6.863       17.758
      27.299       29.900        6.863       17.758
      27.399       49.800        6.863       17.758
      27.499       49.800        6.863       17.758
      27.600       49.800        6.863       17.758
      27.700       29.900        6.863       17.758
      27.801       19.900        6.863       17.758
      27.901       29.900        6.863       17.758
      28.001       59.800        6.863       17.758
      28.102       49.800        6.863       17.758
      28.202       29.900        6.863       17.758
      28.302       10.000        6.863       17.758
      28.403       29.900        6.863       17.758
      28.503       49.900        6.863       17.758
      28.603       39.900        6.863       17.758
      28.703       69.800        6.863       17.758
      28.804       29.900        6.863       17.758
      28.904       49.800        6.863       17.758
      29.004       59.800        6.863       17.758
      29.105       49.800        6.863       17.758
      29.205       39.900        6.863       17.758
      29.305       10.000        6.863       17.758
      29.406       29.900        6.863       17.758
      29.506       29.900        6.863       17.758
      29.607       59.800        6.863       17.758
      29.707       49.800        6.863       17.758
      29.807       29.900        6.863       17.758
      29.907       29.900        6.863       17.758
      30.008       39.900        6.863       17.758
      30.108       69.800        6.863       17.758
      30.208       39.900        6.863       17.758
      30.309       19.900        6.863       17.758
      30.409       19.900        6.863       17.758
      30.509       49.900        6.863       17.758
      30.610       39.900        6.863       17.758
      30.710       49.900        6.863       17.758
      30.810       19.900        6.863       17.758
      30.911       19.900        6.863       17.758
      31.011       29.900        6.863       17.758
      31.111       39.900        6.863       17.758
      31.212       59.800        6.863       17.758
      31.312       29.900        6.863       17.758
      31.412       39.800        6.863       17.758
      31.513       59.800        6.863       17.758
      31.613       49.800        6.863       17.758
      31.714       39.800        6.863       17.758
      31.814       29.900        6.863       17.758
      31.914       10.000        6.863       17.758
      32.015       39.800        6.863       17.758
      32.115       59.800        6.863       17.758
      32.215       29.900        6.863       17.758
      32.316       39.900        6.863       17.758
      32.416       19.900        6.863       17.758
      32.516       59.800        6.863       17.758
      32.617       49.800        6.863       17.758
      32.717       49.800        6.863       17.758
      32.818       29.900        6.863       17.758
      32.918       10.000        6.863       17.758
      33.018       49.800        6.863       17.758
      33.119       49.800        6.863       17.758
      33.219       49.800        6.863       17.758
      33.319       39.900        6.863       17.758
      33.420       10.000        6.863       17.758
      33.520       29.900        6.863       17.758
      33.620       39.900        6.863       17.758
      33.721       49.800        6.863       17.758
      33.821       49.900        6.863       17.758
      33.921       39.900        6.863       17.758
      34.022       39.900        6.863       17.758
      34.122       59.800        6.863       17.758
      34.222       39.900        6.863       17.758
      34.323       39.900        6.863       17.758
      34.423       19.900        6.863       17.758
      34.523       29.900        6.863       17.758
      34.624       49.800        6.863       17.758
      34.724       39.900        6.863       17.758
      34.824       49.800        6.863       17.758
      34.925       19.900        6.863       17.758
      35.025       39.900        6.863       17.758
      35.125       59.800        6.863       17.758
      35.226       49.900        6.863       17.758
      35.326       39.900        6.863       17.758
      35.426       19.900        6.863       17.758
      35.527       19.900        6.863       17.758
      35.627       29.900        6.863       17.758
      35.727       49.800        6.863       17.758
      35.828       49.800        6.863       17.758
      35.928       19.900        6.863       17.758
      36.029       19.900        6.863       17.758
      36.129       39.800        6.863       17.758
      36.229       49.800        6.863       17.758
      36.330       39.800        6.863       17.758
      36.430       29.900        6.863       17.758
      36.530       49.800        6.863       17.758
      36.631       39.900        6.863       17.758
      36.731       39.900        6.863       17.758
      36.831       49.800        6.863       17.758
      36.932       29.900        6.863       17.758
      37.032       19.900        6.863       17.758
      37.132       19.900        6.863       17.758
      37.233       59.700        6.863       17.758
      37.333       59.700        6.863       17.758
      37.434       29.900        6.863       17.758
      37.534       39.900        6.863       17.758
      37.634       49.800        6.863       17.758
      37.735       59.800        6.863       17.758
      37.835       39.800        6.863       17.758
      37.936       29.900        6.863       17.758
      38.036       10.000        6.863       17.758
      38.136       29.900        6.863       17.758
      38.237       49.800        6.863       17.758
      38.337       59.800        6.863       17.758
      38.437       19.900        6.863       17.758
      38.538       29.900        6.863       17.758
      38.638       29.900        6.863       17.758
      38.738       29.900        6.863       17.758
      38.839       39.900        6.863       17.758
      38.939       49.800        6.863       17.758
      39.039       39.900        6.863       17.758
      39.140       49.800        6.863       17.758
      39.240       49.800        6.863       17.758
      39.340       29.900        6.863       17.758
      39.441       39.900        6.863       17.758
      39.541       19.900        6.863       17.758
      39.641       29.900        6.863       17.758
      39.742       29.900        6.863       17.758
      39.842       49.800        6.863       17.758
      39.943       39.900        6.863       17.758
      40.043       29.900        6.863       17.758
      40.143       39.800        6.863       17.758
      40.244       59.800        6.863       17.758
      40.344       49.800        6.863       17.758
      40.445       39.800        6.863       17.758
      40.545       19.900        6.863       17.758
      40.645       19.900        6.863       17.758
      40.746       49.800        6.863       17.758
      40.846       49.800        6.863       17.758
      40.946       39.900        6.863       17.758
      41.047       29.900        6.863       17.758
      41.147       29.900        6.863       17.758
      41.247       29.900        6.863       17.758
      41.348       29.900        6.863       17.758
      41.448       59.800        6.863       17.758
      41.548       39.900        6.863       17.758
      41.648       39.900        6.863       17.758
      41.749       59.800        6.863       17.758
      41.849       39.900        6.863       17.758
      41.950       29.900        6.863       17.758
      42.050       29.900        6.863       17.758
      42.150       19.900        6.863       17.758
      42.250       39.900        6.863       17.758
      42.351       49.800        6.863       17.758
      42.451       59.800        6.863       17.758
      42.552       39.900        6.863       17.758
      42.652       29.900        6.863       17.758
      42.752       59.800        6.863       17.758
      42.852       49.800        6.863       17.758
      42.953       39.900        6.863       17.758
      43.053       29.900        6.863       17.758
      43.153       29.900        6.863       17.758
      43.254       29.900        6.863       17.758
      43.354       49.800        6.863       17.758
      43.454       49.800        6.863       17.758
      43.555       29.900        6.863       17.758
      43.655       29.900        6.863       17.758
      43.755       19.900        6.863       17.758
      43.855       39.900        6.863       17.758
      43.956       49.800        6.863       17.758
      44.056       49.800        6.863       17.758
      44.157       39.900        6.863       17.758
      44.257       39.900        6.863       17.758
      44.357       59.800        6.863       17.758
      44.457       29.900        6.863       17.758
      44.558       29.900        6.863       17.758
      44.658       29.900        6.863       17.758
      44.758       19.900        6.863       17.758
      44.859       49.800        6.863       17.758
      44.959       39.900        6.863       17.758
      45.059       39.900        6.863       17.758
      45.160       39.900        6.863       17.758
      45.260       49.800        6.863       17.758
      45.360       49.800        6.863       17.758
      45.461       49.800        6.863       17.758
      45.561       19.900        6.863       17.758
      45.661       19.900        6.863       17.758
      45.762       29.900        6.863       17.758
      45.862       39.900        6.863       17.758
      45.963       49.800        6.863       17.758
      46.063       39.900        6.863       17.758
      46.163       39.800        6.863       17.758
      46.264       19.900        6.863       17.758
      46.364       39.900        6.863       17.758
      46.464       29.900        6.863       17.758
      46.565       49.800        6.863       17.758
      46.665       29.900        6.863       17.758
      46.766       59.800        6.863       17.758
      46.866       49.800        6.863       17.758
      46.966       39.900        6.863       17.758
      47.067       29.900        6.863       17.758
      47.167       29.900        6.863       17.758
      47.267       29.900        6.863       17.758
      47.368       39.900        6.863       17.758
      47.468       49.900        6.863       17.758
      47.568       49.800        6.863       17.758
      47.669       19.900        6.863       17.758
      47.769       49.800        6.863       17.758
      47.869       39.900        6.863       17.758
      47.970       49.800        6.863       17.758
      48.070       29.900        6.863       17.758
      48.170       29.900        6.863       17.758
      48.271       19.900        6.863       17.758
      48.371       39.900        6.863       17.758
      48.471       39.800        6.863       17.758
      48.572       39.800        6.863       17.758
      48.672       39.800        6.863       17.758
      48.773       29.900        6.863       17.758
      48.873       19.900        6.863       17.758
      48.973       49.800        6.863       17.758
      49.074       49.800        6.863       17.758
      49.174       29.900        6.863       17.758
      49.275       39.800        6.863       17.758
      49.375       59.700        6.863       17.758
      49.475       39.800        6.863       17.758
      49.576       39.900        6.863       17.758
      49.676       29.900        6.863       17.758
      49.777       19.900        6.863       17.758
      49.877       29.900        6.863       17.758
      49.977       49.800        6.863       17.758
      50.078       49.800        6.863       17.758
      50.178       39.800        6.863       17.758
      50.279       39.800        6.863       17.758
      50.379       49.800        6.863       17.758
      50.479       49.800        6.863       17.758
      50.580       39.900        6.863       17.758
      50.680       29.900        6.863       17.758
      50.781       29.900        6.863       17.758
      50.881       29.900        6.863       17.758
      50.981       29.900        6.863       17.758
      51.082       39.800        6.863       17.758
      51.182       39.800        6.863       17.758
      51.282       39.800        6.863       17.758
      51.383       19.900        6.863       17.758
      51.483       29.900        6.863       17.758
      51.583       49.800        6.863       17.758
      51.684       39.900        6.863       17.758
      51.784       29.900        6.863       17.758
      51.885       49.800        6.863       17.758
      51.985       49.800        6.863       17.758
      52.085       39.900        6.863       17.758
      52.186       29.900        6.863       17.758
      52.286       29.900        6.863       17.758
      52.386       19.900        6.863       17.758
      52.487       39.800        6.863       17.758
      52.587       49.800        6.863       17.758
      52.688       39.800        6.863       17.758
      52.788       29.900        6.863       17.758
      52.888       39.800        6.863       17.758
      52.989       49.800        6.863       17.758
      53.089       29.900        6.863       17.758
      53.189       49.800        6.863       17.758
      53.290       19.900        6.863       17.758
      53.390       29.900        6.863       17.758
      53.491       29.900        6.863       17.758
      53.591       29.900        6.863       17.758
      53.691       39.900        6.863       17.758
      53.792       39.800        6.863       17.758
      53.892       29.900        6.863       17.758
      53.992       29.900        6.863       17.758
      54.093       29.900        6.863       17.758
      54.193       59.800        6.863       17.758
      54.293       39.800        6.863       17.758
      54.394       49.800        6.863       17.758
      54.494       59.800        6.863       17.758
      54.595       29.900        6.863       17.758
      54.695       39.900        6.863       17.758
      54.795       39.800        6.863       17.758
      54.896       29.900        6.863       17.758
      54.996       19.900        6.863       17.758
      55.096       59.800        6.863       17.758
      55.197       39.900        6.863       17.758
      55.297       39.800        6.863       17.758
      55.397       29.900        6.863       17.758
      55.498       49.800        6.863       17.758
      55.598       39.900        6.863       17.758
      55.699       39.900        6.863       17.758
      55.799       39.900        6.863       17.758
      55.899       19.900        6.863       17.758
      56.000       29.900        6.863       17.758
      56.100       29.900        6.863       17.758
      56.201       39.800        6.863       17.758
      56.301       49.800        6.863       17.758
      56.401       29.900        6.863       17.758
      56.502       29.900        6.863       17.758
      56.602       39.800        6.863       17.758
      56.703       59.800        6.863       17.758
      56.803       49.800        6.863       17.758
      56.903       39.800        6.863       17.758
      57.004       49.800        6.863       17.758
      57.104       49.800        6.863       17.758
      57.205       29.900        6.863       17.758
      57.305       39.900        6.863       17.758
      57.405       29.900        6.863       17.758
      57.505       29.900        6.863       17.758
      57.606       29.900        6.863       17.758
      57.706       39.900        6.863       17.758
      57.807       59.800        6.863       17.758
      57.907       39.900        6.863       17.758
      58.007       49.800        6.863       17.758
      58.108       49.800        6.863       17.758
      58.208       59.800        6.863       17.758
      58.308       49.800        6.863       17.758
      58.409       19.900        6.863       17.758
      58.509       19.900        6.863       17.758
      58.609       29.900        6.863       17.758
      58.710       49.800        6.863       17.758
      58.810       39.900        6.863       17.758
      58.911       29.900        6.863       17.758
      59.011       29.900        6.863       17.758
      59.111       29.900        6.863       17.758
      59.212       39.900        6.863       17.758
      59.312       49.900        6.863       17.758
      59.412       39.800        6.863       17.758
      59.513       59.800        6.863       17.758
      59.613       29.900        6.863       17.758
      59.713       39.900        6.863       17.758
      59.814       39.900        6.863       17.758
      59.914       29.900        6.988       17.758
      60.014       39.900        6.988       17.758
      60.115       10.000        6.988       17.758
      60.215       49.900        6.988       17.758
      60.315       39.900        6.988       17.758
      60.416       49.800        6.988       17.758
      60.516       29.900        6.988       17.758
      60.616       59.700        6.988       17.758
      60.717       49.800        6.988       17.758
      60.817       49.900        6.988       17.758
      60.917       29.900        6.988       17.758
      61.018       19.900        6.988       17.758
      61.118       19.900        7.113       17.758
      61.218       49.800        7.113       17.758
      61.319       29.900        7.113       17.758
      61.419       49.800        7.113       17.758
      61.519       29.900        7.113       17.758
      61.620       29.900        7.113       17.758
      61.720       39.900        7.113       17.758
      61.820       39.900        7.113       17.758
      61.921       39.900        7.113       17.758
      62.021       29.900        7.113       17.758
      62.121       59.800        7.113       17.758
      62.222       39.900        7.113       17.758
      62.322       39.900        7.113       17.758
      62.422       29.900        7.113       17.758
      62.523       29.900        7.113       17.758
      62.623       19.900        7.113       17.758
      62.723       39.900        7.113       17.758
      62.824       39.800        7.113       17.758
      62.924       39.900        7.113       17.758
      63.024       29.900        7.113       17.758
      63.125       39.900        7.113       17.758
      63.225       49.800        7.113       17.758
      63.325       39.900        7.113       17.758
      63.426       49.800        7.113       17.758
      63.526       39.900        7.113       17.758
      63.626       19.900        7.113       17.758
      63.727       39.900        7.113       17.758
      63.827       39.900        7.113       17.758
      63.927       49.800        7.113       17.758
      64.028       19.900        7.113       17.758
      64.128       39.900        7.113       17.758
      64.228       29.900        7.113       17.758
      64.329       59.800        7.113       17.758
      64.429       49.800        7.113       17.758
      64.529       49.800        7.113       17.758
      64.630       49.800        7.113       17.758
      64.730       49.800        7.113       17.758
      64.830       29.900        7.113       17.758
      64.931       29.900        7.113       17.758
      65.031       49.800        7.113       17.758
      65.131       29.900        7.113       17.758
      65.232       19.900        7.113       17.758
      65.332       49.800        7.113       17.758
      65.432       39.900        7.113       17.758
      65.533       39.900        7.113       17.758
      65.633       29.900        7.113       17.758
      65.733       49.800        7.113       17.758
      65.834       39.900        7.113       17.758
      65.934       69.800        7.113       17.758
      66.034       29.900        7.113       17.758
      66.135       10.000        7.113       17.758
      66.235       29.900        7.113       17.758
      66.335       39.900        7.113       17.758
      66.436       39.900        7.113       17.758
      66.536       49.900        7.113       17.758
      66.636       29.900        7.113       17.758
      66.737       19.900        7.113       17.758
      66.837       29.900        7.113       17.758
      66.937       59.800        7.113       17.758
      67.038       49.800        7.113       17.758
      67.138       39.900        7.113       17.758
      67.238       39.900        7.113       17.758
      67.339       49.800        7.113       17.758
      67.439       29.900        7.113       17.758
      67.539       49.800        7.113       17.758
      67.640       29.900        7.113       17.758
      67.740       19.900        7.113       17.758
      67.840       39.900        7.113       17.758
      67.941       49.800        7.113       17.758
      68.041       29.900        7.113       17.758
      68.141       39.900        7.113       17.758
      68.242       29.900        7.113       17.758
      68.342       49.800        7.113       17.758
      68.442       39.900        7.113       17.758
      68.543       29.900        7.113       17.758
      68.643       19.900        7.113       17.758
      68.743       39.900        7.113       17.758
      68.843       29.900        7.113       17.758
      68.944       29.900        7.113       17.758
      69.044       49.800        7.113       17.758
      69.145       39.900        7.113       17.758
      69.245       29.900        7.113       17.758
      69.345       19.900        7.113       17.758
      69.446       49.800        7.113       17.758
      69.546       49.800        7.113       17.758
      69.646       39.900        7.113       17.758
      69.746       39.900        7.113       17.758
      69.847       59.800        7.113       17.758
      69.947       39.900        7.113       17.758
      70.047       39.900        7.113       17.758
      70.148       39.900        7.113       17.758
      70.248       29.900        7.113       17.758
      70.348       39.900        7.113       17.758
      70.449       49.800        7.113       17.758
      70.549       49.800        7.113       17.758
      70.649       39.900        7.113       17.758
      70.750       49.800        7.113       17.758
      70.850       49.900        7.113       17.758
      70.950       49.800        7.113       17.758
      71.051       49.800        7.113       17.758
      71.151       29.900        7.113       17.758
      71.252       19.900        7.113       17.758
      71.352       29.900        7.113       17.758
      71.452       49.800        7.113       17.758
      71.553       29.900        7.113       17.758
      71.653       49.800        7.113       17.734
      71.753       29.900        7.113       17.734
      71.854       29.900        7.113       17.734
      71.954       29.900        7.113       17.734
      72.054       49.800        7.113       17.734
      72.155       49.800        7.113       17.734
      72.255       29.900        7.113       17.734
      72.355       39.900        7.113       17.734
      72.456       49.800        7.113       17.734
      72.556       19.900        7.113       17.734
      72.656       39.800        7.113       17.734
      72.757       49.800        7.113       17.734
      72.857       29.900        7.113       17.734
      72.958       39.900        7.113       17.734
      73.058       49.800        7.113       17.734
      73.158       29.900        7.113       17.734
      73.259       29.900        7.113       17.734
      73.359       49.800        7.113       17.734
      73.459       49.800        7.113       17.734
      73.560       49.800        7.113       17.734
      73.660       29.900        7.113       17.734
      73.760       19.900        7.113       17.734
      73.861       39.900        7.113       17.734
      73.961       29.900        7.113       17.734
      74.062       49.800        7.113       17.734
      74.162       59.800        7.113       17.734
      74.262       39.900        7.113       17.734
      74.363       29.900        7.113       17.734
      74.463       29.900        7.113       17.734
      74.563       49.800        7.113       17.734
      74.664       59.800        7.113       17.734
      74.764       39.900        7.113       17.734
      74.864       39.800        7.113       17.734
      74.965       49.800        7.113       17.734
      75.065       39.900        7.113       17.734
      75.165       29.900        7.113       17.734
      75.266       39.900        7.113       17.734
      75.366       29.900        7.113       17.734
      75.466       29.900        7.113       17.734
      75.567       39.900        7.113       17.734
      75.667       39.900        7.113       17.734
      75.767       39.900        7.113       17.734
      75.868       29.900        7.113       17.734
      75.968       29.900        7.113       17.734
      76.068       49.800        7.113       17.734
      76.169       39.900        7.113       17.734
      76.269       29.900        7.113       17.734
      76.370       29.900        7.113       17.734
      76.470       39.900        7.113       17.734
      76.570       49.700        7.113       17.734
      76.671       49.800        7.113       17.734
      76.771       39.900        7.113       17.734
      76.872       39.900        7.113       17.734
      76.972       19.900        7.113       17.734
      77.072       39.900        7.113       17.734
      77.173       49.800        7.113       17.734
      77.273       49.900        7.113       17.734
      77.373       39.900        7.113       17.734
      77.474       49.900        7.113       17.734
      77.574       39.900        7.113       17.734
      77.674       49.800        7.113       17.734
      77.775       19.900        7.113       17.734
      77.875       29.900        7.113       17.734
      77.975       29.900        7.113       17.734
      78.076       39.900        7.113       17.734
      78.176       39.900        7.113       17.734
      78.276       39.900        7.113       17.734
      78.377       39.900        7.113       17.734
      78.477       39.900        7.113       17.734
      78.577       49.800        7.113       17.734
      78.678       49.800        7.113       17.734
      78.778       39.900        7.113       17.734
      78.878       10.000        7.113       17.734
      78.979       39.900        7.113       17.734
      79.079       39.900        7.113       17.734
      79.179       29.900        7.113       17.734
      79.280       59.800        7.113       17.734
      79.380       49.800        7.113       17.734
      79.480       29.900        7.113       17.734
      79.581       29.900        7.113       17.734
      79.681       39.800        7.113       17.734
      79.781       39.800        7.113       17.734
      79.882       39.800        7.113       17.734
      79.982       39.900        7.113       17.734
      80.082       39.900        7.113       17.734
      80.183       39.800        7.113       17.734
      80.283       29.900        7.113       17.734
      80.384       29.900        7.113       17.734
      80.484       29.900        7.113       17.734
      80.584       39.900        7.113       17.734
      80.685       39.900        7.113       17.734
      80.785       29.900        7.113       17.734
      80.885       39.900        7.113       17.734
      80.986       39.800        7.113       17.734
      81.086       49.800        7.113       17.734
      81.187       49.800        7.113       17.734
      81.287       39.900        7.113       17.734
      81.387       29.900        7.113       17.734
      81.488       29.900        7.113       17.734
      81.588       19.900        7.113       17.734
      81.688       39.800        7.113       17.734
      81.789       39.900        7.113       17.723
      81.889       39.900        7.113       17.723
      81.989       39.800        7.113       17.723
      82.090       29.900        7.113       17.723
      82.190       39.800        7.113       17.723
      82.291       69.700        7.113       17.723
      82.391       29.900        7.113       17.723
      82.491       49.800        7.113       17.723
      82.592       29.900        7.113       17.723
      82.692       49.800        7.113       17.723
      82.792       39.900        7.113       17.723
      82.893       49.800        7.113       17.723
      82.993       29.900        7.113       17.723
      83.093       39.900        7.113       17.723
      83.194       39.900        7.113       17.723
      83.294       49.800        7.113       17.723
      83.395       39.800        7.113       17.723
      83.495       29.900        7.113       17.723
      83.595       39.900        7.113       17.723
      83.696       49.800        7.113       17.723
      83.796       39.900        7.113       17.723
      83.896       29.900        7.113       17.723
      83.997       29.900        7.113       17.723
      84.097       39.900        7.113       17.723
      84.197       39.900        7.113       17.723
      84.298       39.900        7.113       17.723
      84.398       49.900        7.113       17.723
      84.498       49.800        7.113       17.723
      84.598       19.900        7.113       17.723
      84.699       29.900        7.113       17.723
      84.799       69.700        7.113       17.723
      84.900       49.800        7.113       17.723
      85.000       39.900        7.113       17.723
      85.100       39.900        7.113       17.723
      85.201       39.900        7.113       17.723
      85.301       29.900        7.113       17.723
      85.401       29.900        7.113       17.723
      85.502       39.900        7.113       17.723
      85.602       29.900        7.113       17.723
      85.702       39.800        7.113       17.723
      85.803       49.800        7.113       17.723
      85.903       29.900        7.113       17.723
      86.003       59.800        7.113       17.723
      86.104       19.900        7.113       17.723
      86.204       49.800        7.113       17.723
      86.304       39.800        7.113       17.723
      86.405       29.900        7.113       17.723
      86.505       29.900        7.113       17.723
      86.606       29.900        7.113       17.723
      86.706       29.900        7.113       17.723
      86.806       49.800        7.113       17.723
      86.907       49.700        7.113       17.730
      87.007       29.900        7.113       17.730
      87.108       39.900        7.113       17.730
      87.208       19.900        7.113       17.730
      87.308       39.900        7.113       17.730
      87.409       49.800        7.113       17.730
      87.509       39.900        7.113       17.730
      87.609       29.900        7.113       17.730
      87.710       49.800        7.113       17.730
      87.810       39.900        7.113       17.730
      87.910       49.800        7.113       17.730
      88.011       39.900        7.113       17.730
      88.111       19.900        7.113       17.730
      88.212       39.900        7.113       17.730
      88.312       39.900        7.113       17.730
      88.412       39.900        7.113       17.730
      88.513       39.900        7.113       17.730
      88.613       49.800        7.113       17.730
      88.713       39.900        7.113       17.730
      88.814       49.800        7.113       17.730
      88.914       49.800        7.113       17.730
      89.014       29.900        7.113       17.730
      89.115       29.900        7.113       17.730
      89.215       29.900        7.113       17.730
      89.315       39.900        7.113       17.730
      89.416       39.900        7.113       17.730
      89.516       39.900        7.113       17.730
      89.616       49.800        7.113       17.730
      89.717       29.900        7.113       17.730
      89.817       29.900        7.113       17.730
      89.917       49.800        7.113       17.730
      90.018       49.800        7.113       17.730
      90.118       39.900        7.113       17.730
      90.218       29.900        7.113       17.730
      90.319       59.800        7.113       17.730
      90.419       49.800        7.113       17.730
      90.519       19.900        7.113       17.730
      90.620       49.800        7.113       17.730
      90.720       29.900        7.113       17.730
      90.820       29.900        7.113       17.730
      90.921       49.800        7.113       17.730
      91.021       49.900        7.113       17.730
      91.121       39.900        7.113       17.730
      91.222       29.900        7.113       17.730
      91.322       49.800        7.113       17.719
      91.422       49.800        7.113       17.719
      91.522       49.800        7.113       17.719
      91.623       29.900        7.113       17.719
      91.723       19.900        7.113       17.719
      91.823       29.900        7.113       17.719
      91.924       49.800        7.113       17.719
      92.024       29.900        7.113       17.719
      92.124       39.900        7.113       17.719
      92.225       29.900        7.113       17.719
      92.325       19.900        7.113       17.719
      92.426       49.800        7.113       17.719
      92.526       49.800        7.113       17.719
      92.626       39.900        7.113       17.719
      92.727       29.900        7.113       17.719
      92.827       39.900        7.113       17.719
      92.927       39.900        7.113       17.719
      93.028       39.800        7.113       17.719
      93.128       29.900        7.113       17.719
      93.228       39.900        7.113       17.719
      93.329       29.900        7.113       17.719
      93.429       39.900        7.113       17.719
      93.529       39.900        7.113       17.719
      93.630       49.800        7.113       17.719
      93.730       39.900        7.113       17.719
      93.830       29.900        7.113       17.719
      93.931       49.800        7.113       17.719
      94.031       39.900        7.113       17.719
      94.132       39.900        7.113       17.719
      94.232       29.900        7.113       17.719
      94.332       19.900        7.113       17.719
      94.433       49.800        7.113       17.719
      94.533       59.800        7.113       17.719
      94.633       49.800        7.113       17.719
      94.734       29.900        7.113       17.719
      94.834       39.900        7.113       17.719
      94.934       29.900        7.113       17.719
      95.035       49.800        7.113       17.719
      95.135       49.800        7.113       17.719
      95.235       29.900        7.113       17.719
      95.336       29.900        7.113       17.719
      95.436       49.800        7.113       17.719
      95.536       39.900        7.113       17.719
      95.637       39.900        7.113       17.719
      95.737       29.900        7.113       17.719
      95.837       29.900        7.113       17.719
      95.938       29.900        7.113       17.719
      96.038       39.900        7.113       17.719
      96.138       39.900        7.113       17.719
      96.239       29.900        7.113       17.719
      96.339       49.800        7.113       17.719
      96.439       29.900        7.113       17.719
      96.540       49.800        7.113       17.738
      96.640       39.900        7.113       17.738
      96.740       19.900        7.113       17.738
      96.841       39.900        7.113       17.738
      96.941       19.900        7.113       17.738
      97.041       49.800        7.113       17.738
      97.142       39.900        7.113       17.738
      97.242       39.900        7.113       17.738
      97.342       39.900        7.113       17.738
      97.443       29.900        7.113       17.738
      97.543       29.900        7.113       17.738
      97.644       49.700        7.113       17.738
      97.744       49.800        7.113       17.738
      97.844       29.900        7.113       17.738
      97.944       39.900        7.113       17.738
      98.045       39.800        7.113       17.738
      98.145       29.900        7.113       17.738
      98.246       49.900        7.113       17.738
      98.346       19.900        7.113       17.738
      98.446       39.900        7.113       17.738
      98.547       39.900        7.113       17.738
      98.647       59.800        7.113       17.738
      98.747       19.900        7.113       17.738
      98.848       59.700        7.113       17.738
      98.948       39.900        7.113       17.738
      99.048       39.900        7.113       17.738
      99.149       39.900        7.113       17.738
      99.249       39.900        7.113       17.738
      99.350       19.900        7.113       17.738
      99.450       39.900        7.113       17.738
      99.550       39.900        7.113       17.738
      99.651       39.900        7.113       17.738
      99.751       39.900        7.113       17.738
      99.851       29.900        7.113       17.738
      99.952       29.900        7.113       17.738
