# Elapsed time   CPU (%)     Real (MB)   Virtual (MB)
       0.000        0.000        5.855       59.590
       0.101        0.000        5.855       59.590
       0.201        0.000        5.855       59.590
       0.301        0.000        5.855       59.590
       0.402        0.000        5.855       59.590
       0.502        0.000        5.855       59.590
       0.602        0.000        5.855       59.590
       0.703        0.000        5.855       59.590
       0.803        0.000        5.855       59.590
       0.904        9.900        6.645       59.590
       1.004        0.000        6.645       59.590
       1.105        0.000        6.645       59.590
       1.205        0.000        6.645       59.590
       1.306        0.000        6.645       59.590
       1.406        0.000        6.645       59.590
       1.507        0.000        6.645       59.590
       1.607        0.000        6.645       59.590
       1.708        0.000        6.645       59.590
       1.808       19.900        7.930       62.340
       1.909       10.000        6.887       59.586
       2.009        0.000        6.887       59.586
       2.110        0.000        6.887       59.586
       2.210        0.000        6.887       59.586
       2.311        0.000        6.887       59.586
       2.411        0.000        6.887       59.586
       2.512        0.000        6.887       59.586
       2.613        0.000        6.887       59.586
       2.713        0.000        6.887       59.586
       2.814       10.000        7.914       62.086
       2.914       10.000        7.133       59.836
       3.015        0.000        7.133       59.836
       3.115        0.000        7.133       59.836
       3.216        0.000        7.133       59.836
       3.316        0.000        7.133       59.836
       3.417       19.900        7.133       59.836
       3.518        9.900        7.133       59.836
       3.618        0.000        7.133       59.836
       3.719        0.000        7.133       59.836
       3.819       19.900        8.934       62.836
       3.919       10.000        6.992       59.586
       4.020        0.000        6.992       59.586
       4.121        0.000        6.992       59.586
       4.221        0.000        6.992       59.586
       4.322        0.000        6.992       59.586
       4.422       19.900        6.992       59.586
       4.523        0.000        6.992       59.586
       4.623        0.000        6.992       59.586
       4.724        0.000        6.992       59.586
       4.824       29.900       10.340       65.090
       4.925        0.000        6.996       59.586
       5.025        0.000        6.996       59.586
       5.126        0.000        6.996       59.586
       5.226        0.000        6.996       59.586
       5.327       10.000        6.996       59.586
       5.427       19.900        6.996       59.586
       5.528        0.000        6.996       59.586
       5.628        0.000        6.996       59.586
       5.728        0.000        6.996       59.586
       5.829       19.900        8.281       62.336
       5.929       19.900        7.000       59.586
       6.030       19.900        7.000       59.586
       6.130        0.000        7.000       59.586
       6.231        0.000        7.000       59.586
       6.332        0.000        7.000       59.586
       6.432       19.900        7.000       59.586
       6.532        0.000        7.000       59.586
       6.633        0.000        7.000       59.586
       6.733        0.000        7.000       59.586
       6.834       19.900        8.543       62.336
       6.934       19.900        7.000       59.586
       7.035       10.000        7.000       59.586
       7.135        0.000        7.000       59.586
       7.236        0.000        7.000       59.586
       7.337        0.000        7.000       59.586
       7.437       29.900        7.000       59.586
       7.537        0.000        7.000       59.586
       7.638        0.000        7.000       59.586
       7.738        0.000        7.000       59.586
       7.839       29.800        9.574       63.586
       7.939       19.900        7.039       59.586
       8.040        0.000        7.039       59.586
       8.140        0.000        7.039       59.586
       8.241        0.000        7.039       59.586
       8.342       10.000        7.039       59.586
       8.442       19.900        7.039       59.586
       8.542       29.900        7.039       59.586
       8.643       10.000        7.039       59.586
       8.743        0.000        7.039       59.586
       8.844       19.900        7.039       59.586
       8.944       10.000        7.039       59.586
       9.044       10.000        7.039       59.586
       9.145        0.000        7.039       59.586
       9.245        0.000        7.039       59.586
       9.346        9.900        7.039       59.586
       9.447       29.900        7.039       59.586
       9.547       10.000        7.039       59.586
       9.647        0.000        7.039       59.586
       9.748        0.000        7.039       59.586
       9.849       29.800        7.039       59.586
       9.949       10.000        7.039       59.586
      10.049       10.000        7.039       59.586
      10.150        0.000        7.039       59.586
      10.250        0.000        7.039       59.586
      10.351       10.000        7.039       59.586
      10.451       39.900        7.039       59.586
      10.552       10.000        7.039       59.586
      10.652        0.000        7.039       59.586
      10.752        0.000        7.039       59.586
      10.853       10.000        7.039       59.586
      10.953       39.800        8.809       61.898
      11.054       29.900        8.809       61.898
      11.154       10.000        8.809       61.898
      11.255        0.000        8.809       61.898
      11.355        0.000        8.809       61.898
      11.456       29.900        8.809       61.898
      11.556       19.900        8.809       61.898
      11.656        0.000        8.809       61.898
      11.757        0.000        8.809       61.898
      11.857       19.900        8.809       61.898
      11.958       19.900        8.809       61.898
      12.059       19.900        8.809       61.898
      12.159       19.900        8.809       61.898
      12.259        0.000        8.809       61.898
      12.360        0.000        8.809       61.898
      12.461       29.900        8.809       61.898
      12.561       10.000        8.809       61.898
      12.661        9.900        8.809       61.898
      12.762        0.000        8.809       61.898
      12.863       29.800        8.738       61.637
      12.963       19.900        8.738       61.637
      13.064       19.900        8.738       61.637
      13.164       10.000        8.738       61.637
      13.264        0.000        8.738       61.637
      13.365        0.000        8.738       61.637
      13.465       29.900        8.738       61.637
      13.566       29.900        8.738       61.637
      13.666       19.900        8.738       61.637
      13.767        9.900        8.738       61.637
      13.867       19.900        8.738       61.637
      13.968       19.900        8.738       61.637
      14.068       19.900        8.738       61.637
      14.169       10.000        8.738       61.637
      14.269        0.000        8.738       61.637
      14.370       10.000        8.738       61.637
      14.470       19.900        8.738       61.637
      14.570       39.800        8.738       61.637
      14.671       10.000        8.738       61.637
      14.771        0.000        8.738       61.637
      14.872       29.900        8.738       61.637
      14.972       10.000        8.738       61.637
      15.072       29.900        8.738       61.637
      15.173        0.000        8.738       61.637
      15.273        0.000        8.738       61.637
      15.374       10.000        8.738       61.637
      15.474       39.900        8.738       61.637
      15.575       19.900        8.738       61.637
      15.675       19.900        8.738       61.637
      15.775        0.000        8.738       61.637
      15.876       19.900        8.738       61.637
      15.976       19.900        8.738       61.637
      16.077       29.900        8.738       61.637
      16.177       29.800        8.738       61.637
      16.278        9.900        8.738       61.637
      16.378        0.000        8.738       61.637
      16.479       29.900        8.738       61.637
      16.579       19.900        8.738       61.637
      16.680       29.800        8.738       61.637
      16.780        0.000        8.738       61.637
      16.881       19.900        8.738       61.637
      16.982       19.900        8.738       61.637
      17.082       39.800        8.738       61.637
      17.182       10.000        8.738       61.637
      17.283        9.900        8.738       61.637
      17.383        9.900        8.738       61.637
      17.484       29.800        8.738       61.637
      17.584       29.900        8.738       61.637
      17.685       19.900        8.738       61.637
      17.785        0.000        8.738       61.637
      17.886       19.900        8.738       61.637
      17.986       19.900        8.738       61.637
      18.087       39.800        8.738       61.637
      18.187        9.900        8.738       61.637
      18.288        9.900        8.738       61.637
      18.388       10.000        8.738       61.637
      18.489       19.900        8.738       61.637
      18.589       29.800        8.738       61.637
      18.690       29.800        8.738       61.637
      18.790       10.000        8.738       61.637
      18.891       19.900        8.738       61.637
      18.991       29.900        8.738       61.637
      19.092       29.900        8.738       61.637
      19.192       29.800        8.738       61.637
      19.293        0.000        8.738       61.637
      19.393       19.900        8.738       61.637
      19.494       19.900        8.738       61.637
      19.594       29.900        8.738       61.637
      19.694       19.900        8.738       61.637
      19.795       10.000        8.738       61.637
      19.895       19.900        8.738       62.387
      19.996       29.900        8.781       61.637
      20.096       29.900        8.781       61.637
      20.196       19.900        8.781       61.637
      20.297       10.000        8.781       61.637
      20.397        0.000        8.781       61.637
      20.497       29.900        8.781       61.637
      20.598       29.900        8.781       61.637
      20.698       19.900        8.781       61.637
      20.798       19.900        8.781       61.637
      20.899        0.000        8.781       61.637
      20.999       29.800        8.781       61.637
      21.100       19.900        8.781       61.637
      21.200       29.900        8.781       61.637
      21.300       19.900        8.781       61.637
      21.401       10.000        8.781       61.637
      21.501       19.900        8.781       61.637
      21.601       29.900        8.781       61.637
      21.702       19.900        8.781       61.637
      21.802       19.900        8.781       61.637
      21.902       10.000        8.781       61.637
      22.003       19.900        8.781       61.637
      22.103       19.900        8.781       61.637
      22.203       29.900        8.781       61.637
      22.304       10.000        8.781       61.637
      22.404       10.000        8.781       61.637
      22.505       29.900        8.781       61.637
      22.605       29.900        8.781       61.637
      22.705       19.900        8.781       61.637
      22.806       19.900        8.781       61.637
      22.906        0.000        8.781       61.637
      23.007       29.900        8.781       61.637
      23.107       29.900        8.781       61.637
      23.207       29.900        8.781       61.637
      23.308       10.000        8.781       61.637
      23.408        0.000        8.781       61.637
      23.509       19.900        8.781       61.637
      23.609       29.900        8.781       61.637
      23.709       19.900        8.781       61.637
      23.809       19.900        8.781       61.637
      23.910       19.900        8.781       61.637
      24.010       29.900        8.781       61.637
      24.111       19.900        8.781       61.637
      24.211       29.900        8.781       61.637
      24.311       19.900        8.781       61.637
      24.412       10.000        8.781       61.637
      24.512       10.000        8.781       61.637
      24.613       29.900        8.781       61.637
      24.713       29.900        8.781       61.637
      24.813       19.900        8.781       61.637
      24.914        9.900        8.781       61.637
      25.015       19.900        8.781       61.637
      25.115       29.900        8.781       61.637
      25.215       29.900        8.781       61.637
      25.316       19.900        8.781       61.637
      25.416        9.900        8.781       61.637
      25.517       19.900        8.781       61.637
      25.617       29.900        8.781       61.637
      25.717       19.900        8.781       61.637
      25.818       19.900        8.781       61.637
      25.918       10.000        8.781       61.637
      26.018       10.000        8.781       61.637
      26.119       19.900        8.781       61.637
      26.219       29.900        8.781       61.637
      26.320       19.900        8.781       61.637
      26.420       19.900        8.781       61.637
      26.520       19.900        8.781       61.637
      26.621       29.900        8.781       61.637
      26.721       19.900        8.781       61.637
      26.821       29.900        8.781       61.637
      26.922       10.000        8.781       61.637
      27.022        9.900        8.781       61.637
      27.123       29.900        8.781       61.637
      27.223       19.900        8.781       61.637
      27.323       19.900        8.781       61.637
      27.424       29.900        8.781       61.637
      27.524       10.000        8.781       61.637
      27.624       29.900        8.781       61.637
      27.725       29.900        8.781       61.637
      27.825       19.900        8.781       61.637
      27.925       10.000        8.781       61.637
      28.026        9.900        8.781       61.637
      28.126       29.900        8.781       61.637
      28.227       29.900        8.781       61.637
      28.327       10.000        8.781       61.637
      28.427       29.900        8.781       61.637
      28.528       10.000        8.781       61.637
      28.628       10.000        8.781       61.637
      28.728       29.900        8.781       61.637
      28.829       19.900        8.781       61.637
      28.929       19.900        8.781       61.637
      29.029       29.800        8.781       61.637
      29.130       19.900        8.781       61.637
      29.230       19.900        8.781       61.637
      29.330       19.900        8.781       61.637
      29.431       19.900        8.781       61.637
      29.532        9.900        8.781       61.637
      29.632       19.900        8.781       61.637
      29.732       19.900        8.781       61.637
      29.833       29.900        8.781       61.637
      29.933       19.900        8.781       61.637
      30.034       10.000        8.781       61.637
      30.134       29.800        8.781       61.637
      30.235       29.900        8.781       61.637
      30.335       19.900        8.781       61.637
      30.436       19.900        8.781       61.637
      30.536       10.000        8.781       61.637
      30.637       19.900        8.781       61.637
      30.737       19.900        8.781       61.637
      30.837       29.900        8.781       61.637
      30.938       19.900        8.781       61.637
      31.038       10.000        8.781       61.637
      31.138       10.000        8.781       61.637
      31.239       19.900        8.781       61.637
      31.339       19.900        8.781       61.637
      31.440       29.800        8.781       61.637
      31.540       19.900        8.781       61.637
      31.641       19.900        8.781       61.637
      31.741       29.900        8.781       61.637
      31.842       19.900        8.781       61.637
      31.942       19.900        8.781       61.637
      32.043       19.900        8.781       61.637
      32.143       10.000        8.781       61.637
      32.243       19.900        8.781       61.637
      32.344       29.900        8.781       61.637
      32.444       29.900        8.781       61.637
      32.545       10.000        8.781       61.637
      32.645       19.900        8.781       61.637
      32.745       29.900        8.781       61.637
      32.846       19.900        8.781       61.637
      32.946       19.900        8.781       61.637
      33.046        0.000        8.781       61.637
      33.147       19.900        8.781       61.637
      33.247       29.900        8.781       61.637
      33.348       19.900        8.781       61.637
      33.448       29.900        8.781       61.637
      33.548       10.000        8.781       61.637
      33.649       19.900        8.781       61.637
      33.749       10.000        8.781       61.637
      33.849       29.900        8.781       61.637
      33.950       19.900        8.781       61.637
      34.050       29.900        8.781       61.637
      34.151       10.000        8.781       61.637
      34.251       29.900        8.781       61.637
      34.351       19.900        8.781       61.637
      34.452       19.900        8.781       61.637
      34.552       19.900        8.781       61.637
      34.652       19.900        8.781       61.637
      34.752       19.900        8.781       61.637
      34.853       19.900        8.781       61.637
      34.953       19.900        8.781       61.637
      35.054       29.900        8.781       61.637
      35.154       19.900        8.781       61.637
      35.254       19.900        8.781       61.637
      35.355       29.900        8.781       61.637
      35.455       19.900        8.781       61.637
      35.556       19.900        8.781       61.637
      35.656        0.000        8.781       61.637
      35.756       19.900        8.781       61.637
      35.857       29.900        8.781       61.637
      35.957       29.900        8.781       61.637
      36.057       10.000        8.781       61.637
      36.158        9.900        8.781       61.637
      36.258        9.900        8.781       61.637
      36.359       19.900        8.781       61.637
      36.459       29.900        8.781       61.637
      36.560       29.900        8.781       61.637
      36.660       10.000        8.781       61.637
      36.760       29.900        8.781       61.637
      36.861       19.900        8.781       61.637
      36.961       19.900        8.781       61.637
      37.062       19.900        8.781       61.637
      37.162       19.900        8.781       61.637
      37.263        9.900        8.781       61.637
      37.363       29.900        8.781       61.637
      37.464       29.800        8.781       61.637
      37.564       19.900        8.781       61.637
      37.665       19.900        8.781       61.637
      37.765       10.000        8.781       61.637
      37.866       29.900        8.781       61.637
      37.966       29.900        8.781       61.637
      38.066       19.900        8.781       61.637
      38.167       10.000        8.781       61.637
      38.267       19.900        8.781       61.637
      38.367       19.900        8.781       61.637
      38.468       29.900        8.781       61.637
      38.568       10.000        8.781       61.637
      38.669       29.800        8.781       61.637
      38.770        0.000        8.781       61.637
      38.870       19.900        8.781       61.637
      38.971       29.900        8.781       61.637
      39.071       29.900        8.781       61.637
      39.171       19.900        8.781       61.637
      39.272       10.000        8.781       61.637
      39.372       29.900        8.781       61.637
      39.472       19.900        8.781       61.637
      39.573       29.900        8.781       61.637
      39.673       19.900        8.781       61.637
      39.773       10.000        8.781       61.637
      39.874       19.900        8.781       61.637
      39.974       29.900        8.781       61.637
      40.075       19.900        8.781       61.637
      40.175       19.900        8.781       61.637
      40.276       19.900        8.781       61.637
      40.376       19.900        8.781       61.637
      40.476       29.900        8.781       61.637
      40.577       19.900        8.781       61.637
      40.677       10.000        8.781       61.637
      40.777       10.000        8.781       61.637
      40.878       19.900        8.781       61.637
      40.978       29.900        7.102       59.582
      41.079       29.900        7.102       59.582
      41.179       19.900        7.102       59.582
      41.279       10.000        7.102       59.582
      41.380        9.900        7.102       59.582
      41.481       29.900        7.102       59.582
      41.581       29.900        7.102       59.582
      41.681       19.900        7.102       59.582
      41.782       10.000        7.102       59.582
      41.882       29.900        7.102       59.582
      41.982       29.900        7.102       59.582
      42.083       19.900        7.102       59.582
      42.183       19.900        7.102       59.582
      42.284        9.900        7.102       59.582
      42.384       19.900        7.102       59.582
      42.485       19.900        7.102       59.582
      42.585       39.900        7.102       59.582
      42.685       19.900        7.102       59.582
      42.786       10.000        7.102       59.582
      42.886       19.900        7.102       59.582
      42.986       29.900        7.102       59.582
      43.087       29.900        7.102       59.582
      43.187       10.000        7.102       59.582
      43.287       10.000        7.102       59.582
      43.388       19.900        7.102       59.582
      43.488       29.900        7.102       59.582
      43.589       19.900        7.102       59.582
      43.690       19.900        7.102       59.582
      43.790       10.000        7.102       59.582
      43.890       19.900        7.102       59.582
      43.991       19.900        7.102       59.582
      44.091       19.900        7.102       59.582
      44.192       19.900        7.102       59.582
      44.292       19.900        7.102       59.582
      44.392       19.900        7.102       59.582
      44.493       29.900        7.102       59.582
      44.593       19.900        7.102       59.582
      44.693       19.900        7.102       59.582
      44.794       19.900        7.102       59.582
      44.894       10.000        7.102       59.582
      44.995       19.900        7.102       59.582
      45.095       29.900        7.102       59.582
      45.195       29.900        7.102       59.582
      45.295       10.000        7.102       59.582
      45.396       10.000        7.102       59.582
      45.496       39.900        7.102       59.582
      45.597       19.900        7.102       59.582
      45.697       29.900        7.102       59.582
      45.797       10.000        7.102       59.582
      45.898        9.900        7.102       59.582
      45.998       10.000        7.102       59.582
      46.099       39.800        7.102       59.582
      46.199       19.900        7.102       59.582
      46.300       19.900        7.102       59.582
      46.400       10.000        7.102       59.582
      46.500       10.000        7.102       59.582
      46.601       29.900        7.102       59.582
      46.701       10.000        7.102       59.582
      46.802       29.800        7.102       59.582
      46.902       19.900        7.102       59.582
      47.002       19.900        7.102       59.582
      47.103       29.900        7.102       59.582
      47.203       19.900        7.102       59.582
      47.304       19.900        7.102       59.582
      47.404       10.000        7.102       59.582
      47.504       19.900        7.102       59.582
      47.605       29.900        7.102       59.582
      47.705       19.900        7.102       59.582
      47.805       19.900        7.102       59.582
      47.905       19.900        7.102       59.582
      48.006       19.900        7.102       59.582
      48.106       19.900        7.102       59.582
      48.207       29.900        7.102       59.582
      48.307       19.900        7.102       59.582
      48.408        9.900        7.102       59.582
      48.508       19.900        7.102       59.582
      48.608       19.900        7.102       59.582
      48.709       19.900        7.102       59.582
      48.809       19.900        7.102       59.582
      48.910       19.900        7.102       59.582
      49.010       10.000        7.102       59.582
      49.111       19.900        7.102       59.582
      49.211       19.900        7.102       59.582
      49.311       19.900        7.102       59.582
      49.412       19.900        7.102       59.582
      49.512       19.900        7.102       59.582
      49.613       29.900        7.102       59.582
      49.713       19.900        7.102       59.582
      49.813       29.900        7.102       59.582
      49.914       10.000        7.102       59.582
      50.014       19.900        7.102       59.582
      50.114       19.900        7.102       59.582
      50.215       29.800        7.102       59.582
      50.315       19.900        7.102       59.582
      50.416       19.900        7.102       59.582
      50.516       10.000        7.102       59.582
      50.616       19.900        7.102       59.582
      50.717       29.900        7.102       59.582
      50.817       19.900        7.102       59.582
      50.917       19.900        7.102       59.582
      51.018       10.000        7.102       59.582
      51.118       19.900        7.102       59.582
      51.218       19.900        7.102       59.582
      51.318       29.900        7.102       59.582
      51.419       19.900        7.102       59.582
      51.519       19.900        7.102       59.582
      51.620        0.000        7.102       59.582
      51.720       29.900        7.102       59.582
      51.821       19.900        7.102       59.582
      51.921       19.900        7.102       59.582
      52.021       19.900        7.102       59.582
      52.122       29.900        7.102       59.582
      52.222       19.900        7.102       59.582
      52.322       10.000        7.102       59.582
      52.423       29.900        7.102       59.582
      52.523       19.900        7.102       59.582
      52.624       10.000        7.102       59.582
      52.724       29.900        7.102       59.582
      52.825       19.900        7.102       59.582
      52.925       19.900        7.102       59.582
      53.025       19.900        7.102       59.582
      53.126       19.900        7.102       59.582
      53.226       19.900        7.102       59.582
      53.327       39.900        7.102       59.582
      53.427       10.000        7.102       59.582
      53.527       10.000        7.102       59.582
      53.628       19.900        7.102       59.582
      53.728       19.900        7.102       59.582
      53.828       29.900        7.102       59.582
      53.929       19.900        7.102       59.582
      54.029       10.000        7.102       59.582
      54.130       10.000        7.102       59.582
      54.230       19.900        7.102       59.582
      54.330       19.900        7.102       59.582
      54.431       29.800        7.102       59.582
      54.531       19.900        7.102       59.582
      54.632       19.900        7.102       59.582
      54.732       19.900        7.102       59.582
      54.832       29.900        7.102       59.582
      54.933       19.900        7.102       59.582
      55.033       10.000        7.102       59.582
      55.134       19.900        7.102       59.582
      55.234       19.900        7.102       59.582
      55.334       29.900        7.102       59.582
      55.435       19.900        7.102       59.582
      55.535       10.000        7.102       59.582
      55.635       19.900        7.102       59.582
      55.736       29.900        7.102       59.582
      55.836       29.900        7.102       59.582
      55.936       19.900        7.102       59.582
      56.037       10.000        7.102       59.582
      56.137       19.900        7.102       59.582
      56.238       19.900        7.102       59.582
      56.338       19.900        7.102       59.582
      56.438       29.900        7.102       59.582
      56.539       19.900        7.102       59.582
      56.639        9.900        7.102       59.582
      56.740        9.900        7.102       59.582
      56.840       29.900        7.102       59.582
      56.940       19.900        7.102       59.582
      57.041       19.900        7.102       59.582
      57.141       19.900        7.102       59.582
      57.241       39.900        7.102       59.582
      57.342       29.900        7.102       59.582
      57.442       29.900        7.102       59.582
      57.542       19.900        7.102       59.582
      57.643       19.900        7.102       59.582
      57.743       19.900        7.102       59.582
      57.843       19.900        7.102       59.582
      57.944       19.900        7.102       59.582
      58.044       29.900        7.102       59.582
      58.144       10.000        7.102       59.582
      58.244       19.900        7.102       59.582
      58.345       29.900        7.102       59.582
      58.445       29.900        7.102       59.582
      58.545       10.000        7.102       59.582
      58.646       10.000        7.102       59.582
      58.746       19.900        7.102       59.582
      58.847       19.900        7.102       59.582
      58.947       29.900        7.102       59.582
      59.047       19.900        7.102       59.582
      59.147       19.900        7.102       59.582
      59.248       10.000        7.102       59.582
      59.348       19.900        7.102       59.582
      59.449       19.900        7.102       59.582
      59.549       19.900        7.102       59.582
      59.649       29.900        7.102       59.582
      59.750       19.900        7.102       59.582
      59.850       29.900        7.102       59.582
      59.950       19.900        7.102       59.582
      60.051       19.900        7.102       59.582
      60.151       19.900        7.102       59.582
      60.251       10.000        7.102       59.582
      60.352       29.800        7.102       59.582
      60.452       19.900        7.102       59.582
      60.553       19.900        7.102       59.582
      60.653       19.900        7.102       59.582
      60.753       19.900        7.102       59.582
      60.854       19.900        7.102       59.582
      60.954       29.900        7.102       59.582
      61.055       10.000        7.102       59.582
      61.155       10.000        7.102       59.582
      61.256       29.900        7.102       59.582
      61.356       19.900        7.102       59.582
      61.456       19.900        7.102       59.582
      61.557       19.900        7.102       59.582
      61.657       19.900        7.102       59.582
      61.757       19.900        7.102       59.582
      61.858       10.000        7.102       59.582
      61.958       29.900        7.102       59.582
      62.058       19.900        7.102       59.582
      62.159       19.900        7.102       59.582
      62.259       29.900        7.102       59.582
      62.359       19.900        7.102       59.582
      62.460       29.900        7.102       59.582
      62.560       19.900        7.102       59.582
      62.661       19.900        7.102       59.582
      62.761       10.000        7.102       59.582
      62.861       29.800        7.102       59.582
      62.962       19.900        7.102       59.582
      63.062       19.900        7.102       59.582
      63.163       19.900        7.102       59.582
      63.263       19.900        7.102       59.582
      63.364       29.900        7.102       59.582
      63.464       19.900        7.102       59.582
      63.565       19.900        7.102       59.582
      63.665       19.900        7.102       59.582
      63.765       10.000        7.102       59.582
      63.866       19.900        7.102       59.582
      63.966       29.900        7.102       59.582
      64.066       19.900        7.102       59.582
      64.167       29.900        7.102       59.582
      64.267       10.000        7.102       59.582
      64.368       10.000        7.102       59.582
      64.468       19.900        7.102       59.582
      64.568       19.900        7.102       59.582
      64.669       19.900        7.102       59.582
      64.769       29.900        7.102       59.582
      64.869       19.900        7.102       59.582
      64.969       29.900        7.102       59.582
      65.070       19.900        7.102       59.582
      65.170       19.900        7.102       59.582
      65.271       19.900        7.102       59.582
      65.371       19.900        7.102       59.582
      65.472       19.900        7.102       59.582
      65.572       19.900        7.102       59.582
      65.673       19.900        7.102       59.582
      65.773       10.000        7.102       59.582
      65.873       19.900        7.102       59.582
      65.974       39.800        7.102       59.582
      66.074       19.900        7.102       59.582
      66.175       10.000        7.102       59.582
      66.275       29.900        7.102       59.582
      66.375       10.000        7.102       59.582
      66.476       19.900        7.102       59.582
      66.576       19.900        7.102       59.582
      66.677       19.900        7.102       59.582
      66.777       19.900        7.102       59.582
      66.877       19.900        7.102       59.582
      66.978       10.000        7.102       59.582
      67.078       19.900        7.102       59.582
      67.179       29.900        7.102       59.582
      67.279       19.900        7.102       59.582
      67.380       29.900        7.102       59.582
      67.480       19.900        7.102       59.582
      67.580       19.900        7.102       59.582
      67.681       19.900        7.102       59.582
      67.781       19.900        7.102       59.582
      67.881       19.900        7.102       59.582
      67.982       10.000        7.102       59.582
      68.082       39.800        7.102       59.582
      68.183       10.000        7.102       59.582
      68.283       19.900        7.102       59.582
      68.383       19.900        7.102       59.582
      68.484       29.900        7.102       59.582
      68.584       29.900        7.102       59.582
      68.684       10.000        7.102       59.582
      68.785       10.000        7.102       59.582
      68.885       19.900        7.102       59.582
      68.986       19.900        7.102       59.582
      69.086       19.900        7.102       59.582
      69.187       29.800        7.102       59.582
      69.287       19.900        7.102       59.582
      69.388        9.900        7.102       59.582
      69.488       19.900        7.102       59.582
      69.589       10.000        7.102       59.582
      69.689       39.800        7.102       59.582
      69.790       10.000        7.102       59.582
      69.890       29.900        7.102       59.582
      69.991       19.900        7.102       59.582
      70.091       29.900        7.102       59.582
      70.191       19.900        7.102       59.582
      70.292       19.900        7.102       59.582
      70.392       10.000        7.102       59.582
      70.492       19.900        7.102       59.582
      70.593       29.900        7.102       59.582
      70.693       19.900        7.102       59.582
      70.794       19.900        7.102       59.582
      70.894       19.900        7.102       59.582
      70.995       29.900        7.102       59.582
      71.095       19.900        7.102       59.582
      71.195       29.900        7.102       59.582
      71.296       10.000        7.102       59.582
      71.396       19.900        7.102       59.582
      71.496       19.900        7.102       59.582
      71.597       19.900        7.102       59.582
      71.697       19.900        7.102       59.582
      71.798       19.900        7.102       59.582
      71.898       10.000        7.102       59.582
      71.998       29.900        7.102       59.582
      72.099       19.900        7.102       59.582
      72.199       10.000        7.102       59.582
      72.299       29.900        7.102       59.582
      72.400       19.900        7.102       59.582
      72.500       19.900        7.102       59.582
      72.600       29.900        7.102       59.582
      72.701       19.900        7.102       59.582
      72.801       19.900        7.102       59.582
      72.901       19.900        7.102       59.582
      73.002       19.900        7.102       59.582
      73.102       19.900        7.102       59.582
      73.202       19.900        7.102       59.582
      73.302       29.900        7.102       59.582
      73.403       10.000        7.102       59.582
      73.503       29.800        7.102       59.582
      73.604       10.000        7.102       59.582
      73.704       29.900        7.102       59.582
      73.805       19.900        7.102       59.582
      73.905       19.900        7.102       59.582
      74.005       10.000        7.102       59.582
      74.106       19.900        7.102       59.582
      74.206       19.900        7.102       59.582
      74.307       29.900        7.102       59.582
      74.407       19.900        7.102       59.582
      74.508        9.900        7.102       59.582
      74.608       19.900        7.102       59.582
      74.708       20.000        7.102       59.582
      74.809       19.900        7.102       59.582
      74.909       19.900        7.102       59.582
      75.009       19.900        7.102       59.582
      75.110       19.900        7.102       59.582
      75.210       29.900        7.102       59.582
      75.311       10.000        7.102       59.582
      75.411       29.900        7.102       59.582
      75.511       19.900        7.102       59.582
      75.612       19.900        7.102       59.582
      75.712       19.900        7.102       59.582
      75.812       19.900        7.102       59.582
      75.913       29.900        7.102       59.582
      76.013       10.000        7.102       59.582
      76.113       29.900        7.102       59.582
      76.214       19.900        7.102       59.582
      76.314       19.900        7.102       59.582
      76.414       19.900        7.102       59.582
      76.515       10.000        7.102       59.582
      76.615       19.900        7.102       59.582
      76.716       19.900        7.102       59.582
      76.816       19.900        7.102       59.582
      76.916       29.900        7.102       59.582
      77.017       10.000        7.102       59.582
      77.117       10.000        7.102       59.582
      77.218       29.900        7.102       59.582
      77.318       10.000        7.102       59.582
      77.418       19.900        7.102       59.582
      77.519       19.900        7.102       59.582
      77.619       29.900        7.102       59.582
      77.720       19.900        7.102       59.582
      77.820       29.800        7.102       59.582
      77.921       19.900        7.102       59.582
      78.021       19.900        7.102       59.582
      78.122       10.000        7.102       59.582
      78.222       29.900        7.102       59.582
      78.322       19.900        7.102       59.582
      78.423       19.900        7.102       59.582
      78.523       10.000        7.102       59.582
      78.623       19.900        7.102       59.582
      78.724       29.900        7.102       59.582
      78.824       19.900        7.102       59.582
      78.924       29.800        7.102       59.582
      79.025       10.000        7.102       59.582
      79.125       19.900        7.102       59.582
      79.226       19.900        7.102       59.582
      79.326       19.900        7.102       59.582
      79.427       19.900        7.102       59.582
      79.527       19.900        7.102       59.582
      79.627       19.900        7.102       59.582
      79.728       10.000        7.102       59.582
      79.828       29.900        7.102       59.582
      79.928       19.900        7.102       59.582
      80.029       19.900        7.102       59.582
      80.129       29.900        7.102       59.582
      80.229       19.900        7.102       59.582
      80.330       19.900        7.102       59.582
      80.430       19.900        7.102       59.582
      80.530       19.900        7.102       59.582
      80.631       10.000        7.102       59.582
      80.731       19.900        7.102       59.582
      80.832       29.900        7.102       59.582
      80.932       10.000        7.102       59.582
      81.032       29.900        7.102       59.582
      81.133       19.900        7.102       59.582
      81.233       10.000        7.102       59.582
      81.334       29.900        7.102       59.582
      81.434       29.900        7.102       59.582
      81.534       10.000        7.102       59.582
      81.635       19.900        7.102       59.582
      81.735       10.000        7.102       59.582
      81.835       29.900        7.102       59.582
      81.936       19.900        7.102       59.582
      82.036       19.900        7.102       59.582
      82.137       19.900        7.102       59.582
      82.237       19.900        7.102       59.582
      82.337       10.000        7.102       59.582
      82.438       19.900        7.102       59.582
      82.538       29.900        7.102       59.582
      82.638       19.900        7.102       59.582
      82.739       19.900        7.102       59.582
      82.839       19.900        7.102       59.582
      82.940       29.900        7.102       59.582
      83.040       19.900        7.102       59.582
      83.140       10.000        7.102       59.582
      83.241       19.900        7.102       59.582
      83.341       29.900        7.102       59.582
      83.441       19.900        7.102       59.582
      83.542       19.900        7.102       59.582
      83.642       19.900        7.102       59.582
      83.742       29.900        7.102       59.582
      83.843       19.900        7.102       59.582
      83.943       19.900        7.102       59.582
      84.044       19.900        7.102       59.582
      84.144       10.000        7.102       59.582
      84.245       29.900        7.102       59.582
      84.345       10.000        7.102       59.582
      84.445       29.900        7.102       59.582
      84.546       10.000        7.102       59.582
      84.646       29.900        7.102       59.582
      84.746       10.000        7.102       59.582
      84.847       19.900        7.102       59.582
      84.947       19.900        7.102       59.582
      85.047       19.900        7.102       59.582
      85.148       19.900        7.102       59.582
      85.248       29.900        7.102       59.582
      85.349       19.900        7.102       59.582
      85.449       19.900        7.102       59.582
      85.549       19.900        7.102       59.582
      85.650       19.900        7.102       59.582
      85.750       19.900        7.102       59.582
      85.851       10.000        7.102       59.582
      85.951       29.900        7.102       59.582
      86.052       19.900        7.102       59.582
      86.152       19.900        7.102       59.582
      86.252       19.900        7.102       59.582
      86.353       19.900        7.102       59.582
      86.453       29.900        7.102       59.582
      86.553       19.900        7.102       59.582
      86.654       19.900        7.102       59.582
      86.754       10.000        7.102       59.582
      86.855       19.900        7.102       59.582
      86.955       10.000        7.102       59.582
      87.055       19.900        7.102       59.582
      87.156       19.900        7.102       59.582
      87.256       19.900        7.102       59.582
      87.357       19.900        7.102       59.582
      87.457       19.900        7.102       59.582
      87.558       19.900        7.102       59.582
      87.658       19.900        7.102       59.582
      87.758       19.900        7.102       59.582
      87.859       19.900        7.102       59.582
      87.959       29.900        7.102       59.582
      88.059       19.900        7.102       59.582
      88.160       19.900        7.102       59.582
      88.260       19.900        7.102       59.582
      88.361       19.900        7.102       59.582
      88.461       19.900        7.102       59.582
      88.561       29.900        7.102       59.582
      88.662       10.000        7.102       59.582
      88.762       29.900        7.102       59.582
      88.863       19.900        7.102       59.582
      88.963       19.900        7.102       59.582
      89.063       19.900        7.102       59.582
      89.164       19.900        7.102       59.582
      89.264       19.900        7.102       59.582
      89.365       10.000        7.102       59.582
      89.465       29.900        7.102       59.582
      89.566       10.000        7.102       59.582
      89.666       19.900        7.102       59.582
      89.767       19.900        7.102       59.582
      89.867       19.900        7.102       59.582
      89.967       10.000        7.102       59.582
      90.067       29.900        7.102       59.582
      90.168       19.900        7.102       59.582
      90.268       29.800        7.102       59.582
      90.369       19.900        7.102       59.582
      90.469       19.900        7.102       59.582
      90.570       29.900        7.102       59.582
      90.670       10.000        7.102       59.582
      90.770       29.900        7.102       59.582
      90.871       10.000        7.102       59.582
      90.971       29.900        7.102       59.582
      91.072       19.900        7.102       59.582
      91.172       10.000        7.102       59.582
      91.272       19.900        7.102       59.582
      91.373       19.900        7.102       59.582
      91.473       19.900        7.102       59.582
      91.574       29.900        7.102       59.582
      91.674       19.900        7.102       59.582
      91.775       19.900        7.102       59.582
      91.875       10.000        7.102       59.582
      91.975       29.900        7.102       59.582
      92.076       19.900        7.102       59.582
      92.176       19.900        7.102       59.582
      92.276       10.000        7.102       59.582
      92.377       19.900        7.102       59.582
      92.477       19.900        7.102       59.582
      92.577       19.900        7.102       59.582
      92.678       19.900        7.102       59.582
      92.778       19.900        7.102       59.582
      92.878       29.900        7.102       59.582
      92.979       19.900        7.102       59.582
      93.079       29.800        7.102       59.582
      93.180       10.000        7.102       59.582
      93.280       19.900        7.102       59.582
      93.380       29.900        7.102       59.582
      93.481       10.000        7.102       59.582
      93.581       19.900        7.102       59.582
      93.682       29.800        7.102       59.582
      93.782       19.900        7.102       59.582
      93.883       19.900        7.102       59.582
      93.983       19.900        7.102       59.582
      94.083       19.900        7.102       59.582
      94.183       19.900        7.102       59.582
      94.284       29.900        7.102       59.582
      94.384       10.000        7.102       59.582
      94.484       29.900        7.102       59.582
      94.585       19.900        7.102       59.582
      94.685       19.900        7.102       59.582
      94.785       19.900        7.102       59.582
      94.886        9.900        7.102       59.582
      94.987       19.900        7.102       59.582
      95.087       19.900        7.102       59.582
      95.187       19.900        7.102       59.582
      95.288       19.900        7.102       59.582
      95.388       19.900        7.102       59.582
      95.488       29.800        7.102       59.582
      95.589       19.900        7.102       59.582
      95.689       19.900        7.102       59.582
      95.790       10.000        7.102       59.582
      95.890       29.900        7.102       59.582
      95.991       19.900        7.102       59.582
      96.091       19.900        7.102       59.582
      96.191       29.900        7.102       59.582
      96.292       19.900        7.102       59.582
      96.392       19.900        7.102       59.582
      96.492       19.900        7.102       59.582
      96.593       19.900        7.102       59.582
      96.693       19.900        7.102       59.582
      96.794       19.900        7.102       59.582
      96.894       19.900        7.102       59.582
      96.994       19.900        7.102       59.582
      97.095       19.900        7.102       59.582
      97.195       19.900        7.102       59.582
      97.296       19.900        7.102       59.582
      97.396       10.000        7.102       59.582
      97.497       19.900        7.102       59.582
      97.597       19.900        7.102       59.582
      97.698       29.900        7.102       59.582
      97.798       19.900        7.102       59.582
      97.899       19.900        7.102       59.582
      97.999       29.900        7.102       59.582
      98.099       19.900        7.102       59.582
      98.200       19.900        7.102       59.582
      98.300       19.900        7.102       59.582
      98.400       20.000        7.102       59.582
      98.501       10.000        7.102       59.582
      98.601       29.900        7.102       59.582
      98.701       19.900        7.102       59.582
      98.802       29.900        7.102       59.582
      98.902       10.000        7.102       59.582
      99.002       19.900        7.102       59.582
      99.103       29.900        7.102       59.582
      99.203       10.000        7.102       59.582
      99.304       29.900        7.102       59.582
      99.404       10.000        7.102       59.582
      99.504       19.900        7.102       59.582
      99.605       19.900        7.102       59.582
      99.705       19.900        7.102       59.582
      99.806       29.900        7.102       59.582
      99.906       10.000        7.102       59.582
